/*--------------------------------*- C++ -*----------------------------------*\
  =========                 |
  \\      /  F ield         | OpenFOAM: The Open Source CFD Toolbox
   \\    /   O peration     | Website:  https://openfoam.org
    \\  /    A nd           | Version:  6
     \\/     M anipulation  |
\*---------------------------------------------------------------------------*/
FoamFile
{
    version     2.0;
    format      ascii;
    class       volScalarField;
    location    "80";
    object      phii;
}
// * * * * * * * * * * * * * * * * * * * * * * * * * * * * * * * * * * * * * //

dimensions      [1 2 -3 0 0 -1 0];

internalField   nonuniform List<scalar> 
8800
(
12.4977
12.5042
12.5142
12.5271
12.5426
12.5609
12.5818
12.6053
12.6315
12.6601
12.6912
12.7246
12.7602
12.798
12.8378
12.8796
12.9231
12.9683
13.0151
13.0632
13.1126
13.1631
13.2146
13.2668
13.3196
13.3729
13.4263
13.4798
13.5332
13.5861
13.6385
13.69
13.7406
13.7901
13.8381
13.8846
13.9293
13.972
14.0124
14.0503
36.1442
36.1605
36.1884
36.2257
36.2714
36.3252
36.387
36.4566
36.5338
36.6185
36.7105
36.8094
36.915
37.027
37.1451
37.2689
37.3982
37.5324
37.6712
37.8143
37.9611
38.1113
38.2644
38.4198
38.5771
38.7356
38.8949
39.0543
39.2133
39.3711
39.5273
39.6812
39.8322
39.9798
40.1233
40.2622
40.3956
40.5231
40.6438
40.7571
58.5979
58.624
58.669
58.7296
58.8045
58.8929
58.9946
59.1093
59.2367
59.3764
59.5281
59.6914
59.8658
60.0508
60.246
60.4507
60.6644
60.8865
61.1163
61.3532
61.5965
61.8454
62.0991
62.3568
62.6177
62.8809
63.1453
63.41
63.6741
63.9365
64.1961
64.452
64.7034
64.9491
65.1881
65.4194
65.6418
65.8541
66.0553
66.2442
80.0034
80.0394
80.1013
80.1849
80.2882
80.4105
80.5513
80.7102
80.8868
81.0806
81.291
81.5177
81.7599
82.017
82.2882
82.5729
82.8702
83.1793
83.4994
83.8294
84.1684
84.5155
84.8694
85.2292
85.5934
85.961
86.3306
86.7007
87.07
87.4371
87.8006
88.1593
88.5117
88.8564
89.1918
89.5164
89.8286
90.1269
90.4095
90.6749
100.491
100.537
100.616
100.722
100.854
101.009
101.188
101.391
101.616
101.863
102.131
102.421
102.73
103.058
103.405
103.769
104.149
104.545
104.955
105.378
105.813
106.258
106.712
107.174
107.642
108.115
108.59
109.067
109.542
110.015
110.484
110.947
111.402
111.848
112.282
112.701
113.105
113.491
113.857
114.201
120.177
120.233
120.329
120.457
120.616
120.805
121.022
121.267
121.54
121.84
122.166
122.517
122.893
123.293
123.714
124.158
124.621
125.103
125.604
126.12
126.651
127.195
127.751
128.316
128.889
129.468
130.051
130.636
131.22
131.801
132.378
132.948
133.508
134.057
134.592
135.11
135.609
136.085
136.537
136.961
139.162
139.228
139.341
139.492
139.678
139.899
140.154
140.442
140.762
141.115
141.498
141.911
142.354
142.824
143.321
143.844
144.391
144.961
145.552
146.162
146.791
147.436
148.094
148.765
149.446
150.134
150.827
151.522
152.218
152.911
153.599
154.28
154.949
155.606
156.245
156.865
157.462
158.033
158.574
159.083
157.535
157.611
157.74
157.913
158.127
158.381
158.673
159.003
159.371
159.776
160.216
160.692
161.201
161.743
162.316
162.919
163.551
164.209
164.893
165.6
166.328
167.076
167.84
168.619
169.41
170.211
171.018
171.828
172.639
173.449
174.253
175.049
175.833
176.601
177.351
178.077
178.777
179.446
180.081
180.678
175.373
175.458
175.603
175.798
176.039
176.325
176.654
177.027
177.443
177.9
178.399
178.937
179.514
180.128
180.779
181.464
182.182
182.931
183.71
184.515
185.346
186.2
187.073
187.964
188.87
189.787
190.713
191.643
192.576
193.507
194.433
195.349
196.253
197.139
198.004
198.842
199.65
200.424
201.157
201.848
192.739
192.833
192.993
193.21
193.478
193.796
194.164
194.58
195.044
195.554
196.111
196.713
197.359
198.048
198.777
199.546
200.353
201.195
202.072
202.98
203.916
204.88
205.867
206.875
207.9
208.939
209.989
211.046
212.106
213.165
214.219
215.263
216.293
217.303
218.289
219.246
220.169
221.052
221.89
222.679
209.689
209.791
209.967
210.205
210.501
210.852
211.257
211.716
212.229
212.794
213.411
214.078
214.795
215.559
216.37
217.225
218.124
219.063
220.04
221.054
222.102
223.18
224.285
225.415
226.566
227.734
228.914
230.103
231.298
232.492
233.681
234.86
236.023
237.165
238.28
239.362
240.405
241.405
242.354
243.247
226.271
226.381
226.572
226.831
227.153
227.537
227.981
228.485
229.047
229.668
230.346
231.08
231.87
232.712
233.607
234.552
235.545
236.584
237.667
238.792
239.954
241.152
242.382
243.641
244.923
246.226
247.544
248.874
250.21
251.547
252.879
254.2
255.505
256.786
258.037
259.252
260.424
261.546
262.613
263.617
242.523
242.641
242.846
243.126
243.476
243.893
244.376
244.925
245.538
246.216
246.957
247.76
248.625
249.548
250.53
251.567
252.659
253.803
254.996
256.236
257.519
258.843
260.204
261.597
263.018
264.463
265.927
267.405
268.891
270.379
271.863
273.335
274.789
276.218
277.614
278.97
280.278
281.532
282.723
283.845
258.48
258.604
258.824
259.125
259.502
259.952
260.475
261.07
261.736
262.473
263.279
264.153
265.095
266.102
267.174
268.308
269.503
270.755
272.063
273.424
274.834
276.29
277.787
279.322
280.89
282.485
284.103
285.738
287.383
289.031
290.675
292.308
293.921
295.506
297.056
298.561
300.014
301.407
302.73
303.977
274.168
274.299
274.532
274.854
275.259
275.744
276.307
276.95
277.669
278.466
279.339
280.287
281.309
282.403
283.569
284.803
286.105
287.471
288.899
290.386
291.929
293.523
295.165
296.849
298.571
300.325
302.105
303.906
305.718
307.536
309.35
311.153
312.934
314.686
316.399
318.063
319.671
321.211
322.676
324.056
289.612
289.749
289.995
290.338
290.77
291.29
291.895
292.586
293.361
294.22
295.162
296.186
297.291
298.476
299.738
301.077
302.49
303.975
305.528
307.147
308.829
310.568
312.361
314.202
316.087
318.008
319.96
321.935
323.926
325.923
327.918
329.9
331.861
333.79
335.676
337.51
339.281
340.979
342.594
344.116
304.83
304.972
305.232
305.595
306.056
306.611
307.259
307.999
308.831
309.754
310.767
311.87
313.061
314.339
315.702
317.149
318.678
320.286
321.97
323.727
325.553
327.445
329.397
331.403
333.458
335.556
337.689
339.849
342.028
344.215
346.401
348.575
350.726
352.843
354.914
356.928
358.874
360.74
362.516
364.19
319.837
319.985
320.258
320.642
321.13
321.721
322.413
323.204
324.094
325.083
326.17
327.353
328.633
330.007
331.475
333.035
334.684
336.42
338.24
340.141
342.119
344.169
346.287
348.467
350.702
352.985
355.308
357.664
360.041
362.43
364.819
367.196
369.549
371.866
374.135
376.341
378.474
380.52
382.468
384.304
334.646
334.8
335.085
335.49
336.007
336.635
337.37
338.214
339.164
340.22
341.382
342.649
344.02
345.494
347.07
348.745
350.519
352.388
354.349
356.4
358.536
360.753
363.044
365.405
367.829
370.307
372.831
375.393
377.98
380.582
383.186
385.78
388.349
390.88
393.358
395.771
398.104
400.343
402.475
404.486
349.267
349.427
349.725
350.15
350.696
351.361
352.141
353.038
354.049
355.174
356.413
357.766
359.231
360.808
362.495
364.29
366.192
368.199
370.307
372.513
374.813
377.203
379.676
382.227
384.848
387.531
390.267
393.045
395.855
398.683
401.516
404.339
407.138
409.898
412.602
415.236
417.784
420.23
422.561
424.76
363.708
363.873
364.184
364.63
365.205
365.907
366.733
367.683
368.757
369.953
371.271
372.711
374.273
375.955
377.756
379.675
381.71
383.859
386.118
388.485
390.956
393.525
396.188
398.936
401.764
404.662
407.621
410.629
413.673
416.741
419.817
422.885
425.93
428.934
431.881
434.752
437.532
440.202
442.748
445.15
377.974
378.144
378.468
378.935
379.54
380.279
381.152
382.156
383.293
384.561
385.959
387.489
389.149
390.939
392.857
394.903
397.074
399.369
401.785
404.319
406.966
409.722
412.581
415.536
418.58
421.704
424.896
428.146
431.439
434.761
438.095
441.425
444.733
448
451.207
454.335
457.366
460.279
463.058
465.682
392.069
392.245
392.581
393.069
393.703
394.481
395.4
396.46
397.66
399.001
400.482
402.103
403.863
405.763
407.801
409.976
412.287
414.732
417.309
420.014
422.844
425.793
428.856
432.027
435.296
438.656
442.094
445.598
449.154
452.745
456.355
459.965
463.555
467.105
470.594
474
477.303
480.481
483.514
486.379
405.997
406.178
406.527
407.036
407.699
408.515
409.481
410.596
411.861
413.276
414.84
416.553
418.415
420.426
422.586
424.894
427.348
429.947
432.688
435.569
438.587
441.736
445.01
448.404
451.909
455.516
459.211
462.984
466.817
470.695
474.599
478.509
482.402
486.257
490.051
493.76
497.361
500.829
504.14
507.27
419.757
419.943
420.305
420.835
421.528
422.382
423.395
424.566
425.896
427.385
429.032
430.839
432.804
434.928
437.212
439.654
442.253
445.009
447.919
450.981
454.191
457.546
461.039
464.665
468.414
472.278
476.244
480.299
484.427
488.609
492.826
497.057
501.278
505.464
509.59
513.63
517.557
521.344
524.962
528.385
433.35
433.543
433.917
434.468
435.19
436.082
437.142
438.369
439.764
441.327
443.059
444.959
447.028
449.267
451.675
454.253
457
459.915
462.996
466.243
469.651
473.217
476.936
480.801
484.804
488.937
493.186
497.537
501.976
506.481
511.034
515.61
520.184
524.73
529.219
533.623
537.91
542.05
546.009
549.756
446.777
446.974
447.362
447.933
448.685
449.614
450.721
452.004
453.464
455.101
456.917
458.91
461.084
463.437
465.971
468.686
471.582
474.659
477.915
481.349
484.958
488.741
492.691
496.803
501.069
505.481
510.026
514.689
519.456
524.305
529.216
534.163
539.12
544.059
548.947
553.753
558.44
562.973
567.313
571.423
460.034
460.238
460.638
461.229
462.01
462.977
464.129
465.468
466.992
468.704
470.602
472.69
474.967
477.436
480.096
482.948
485.994
489.233
492.665
496.29
500.105
504.107
508.294
512.66
517.198
521.899
526.752
531.743
536.855
542.069
547.363
552.711
558.084
563.452
568.781
574.033
579.168
584.142
588.912
593.431
473.121
473.33
473.742
474.354
475.163
476.167
477.365
478.758
480.346
482.131
484.113
486.293
488.674
491.256
494.042
497.032
500.228
503.631
507.24
511.056
515.079
519.306
523.734
528.359
533.176
538.176
543.349
548.682
554.159
559.76
565.463
571.243
577.069
582.909
588.725
594.476
600.115
605.591
610.849
615.832
486.034
486.248
486.674
487.305
488.142
489.182
490.425
491.871
493.522
495.379
497.442
499.715
502.198
504.893
507.804
510.931
514.276
517.842
521.629
525.638
529.869
534.322
538.995
543.885
548.987
554.294
559.799
565.488
571.347
577.358
583.499
589.744
596.063
602.423
608.783
615.096
621.308
627.357
633.175
638.693
498.77
498.991
499.428
500.079
500.943
502.018
503.305
504.804
506.516
508.443
510.586
512.949
515.533
518.34
521.373
524.636
528.129
531.857
535.82
540.022
544.462
549.142
554.062
559.219
564.612
570.234
576.079
582.138
588.396
594.839
601.446
608.192
615.05
621.984
628.952
635.902
642.771
649.483
655.953
662.092
511.327
511.553
512.002
512.672
513.562
514.672
516.001
517.551
519.322
521.318
523.54
525.99
528.673
531.589
534.743
538.139
541.778
545.666
549.804
554.196
558.844
563.751
568.917
574.344
580.029
585.971
592.165
598.604
605.278
612.173
619.274
626.559
634.003
641.572
649.223
656.9
664.529
672.018
679.257
686.13
523.7
523.931
524.392
525.081
525.996
527.139
528.509
530.108
531.937
533.999
536.297
538.833
541.611
544.634
547.906
551.431
555.214
559.258
563.567
568.147
573
578.131
583.542
589.237
595.216
601.48
608.028
614.855
621.957
629.324
636.946
644.806
652.886
661.156
669.576
678.087
686.604
695.015
703.177
710.931
535.885
536.122
536.594
537.3
538.241
539.415
540.824
542.47
544.355
546.481
548.852
551.471
554.341
557.467
560.853
564.504
568.425
572.622
577.098
581.861
586.914
592.265
597.917
603.876
610.147
616.732
623.634
630.854
638.392
646.246
654.411
662.882
671.648
680.69
689.975
699.446
709.01
718.53
727.82
736.654
547.88
548.122
548.605
549.328
550.291
551.496
552.943
554.634
556.571
558.759
561.2
563.897
566.856
570.081
573.577
577.349
581.404
585.746
590.384
595.323
600.571
606.134
612.021
618.238
624.794
631.695
638.948
646.561
654.538
662.886
671.612
680.722
690.22
700.104
710.357
720.933
731.739
742.614
753.313
763.509
559.68
559.926
560.419
561.158
562.144
563.377
564.859
566.593
568.581
570.827
573.334
576.107
579.15
582.469
586.069
589.957
594.139
598.621
603.413
608.52
613.953
619.721
625.833
632.299
639.13
646.337
653.933
661.929
670.341
679.184
688.477
698.245
708.511
719.3
730.624
742.464
754.745
767.293
779.795
791.772
571.28
571.532
572.035
572.789
573.795
575.055
576.57
578.344
580.38
582.68
585.25
588.094
591.217
594.624
598.323
602.32
606.621
611.236
616.172
621.438
627.046
633.007
639.331
646.032
653.124
660.623
668.546
676.912
685.744
695.07
704.924
715.351
726.405
738.144
750.627
763.889
777.908
792.533
807.4
821.817
582.679
582.935
583.446
584.214
585.24
586.525
588.072
589.883
591.963
594.314
596.943
599.853
603.05
606.541
610.331
614.429
618.842
623.579
628.65
634.064
639.834
645.973
652.495
659.414
666.749
674.52
682.748
691.46
700.687
710.471
720.863
731.929
743.759
756.458
770.15
784.959
800.972
818.154
836.18
854.139
593.871
594.131
594.651
595.432
596.475
597.783
599.359
601.205
603.326
605.725
608.407
611.379
614.645
618.212
622.087
626.278
630.793
635.642
640.835
646.385
652.303
658.604
665.305
672.422
679.978
687.994
696.499
705.524
715.112
725.313
736.197
747.856
760.412
774.028
788.906
805.296
823.469
843.668
865.89
889.32
604.854
605.117
605.645
606.438
607.497
608.827
610.429
612.307
614.465
616.908
619.64
622.667
625.996
629.632
633.584
637.859
642.466
647.416
652.719
658.389
664.439
670.884
677.743
685.035
692.784
701.016
709.762
719.061
728.961
739.524
750.835
763.007
776.197
790.616
806.551
824.385
844.636
868.01
895.395
927.476
14.0856
14.1179
14.1472
14.1732
14.1958
14.2148
14.2301
14.2417
14.2495
14.2534
14.2534
14.2495
14.2417
14.2301
14.2148
14.1958
14.1732
14.1472
14.1179
14.0856
40.8624
40.9591
41.0466
41.1242
41.1917
41.2485
41.2944
41.329
41.3522
41.3638
41.3638
41.3522
41.329
41.2944
41.2485
41.1917
41.1242
41.0466
40.9591
40.8624
66.4198
66.581
66.7268
66.8563
66.9688
67.0635
67.14
67.1977
67.2364
67.2558
67.2558
67.2364
67.1977
67.14
67.0635
66.9688
66.8563
66.7268
66.581
66.4198
90.9216
91.1481
91.3531
91.5352
91.6934
91.8266
91.9341
92.0153
92.0696
92.0969
92.0969
92.0696
92.0153
91.9341
91.8266
91.6934
91.5352
91.3531
91.1481
90.9216
114.52
114.814
115.079
115.315
115.52
115.693
115.832
115.938
116.008
116.043
116.043
116.008
115.938
115.832
115.693
115.52
115.315
115.079
114.814
114.52
137.356
137.719
138.047
138.339
138.592
138.806
138.978
139.109
139.196
139.239
139.239
139.196
139.109
138.978
138.806
138.592
138.339
138.047
137.719
137.356
159.556
159.991
160.385
160.735
161.039
161.295
161.502
161.658
161.763
161.816
161.816
161.763
161.658
161.502
161.295
161.039
160.735
160.385
159.991
159.556
181.234
181.745
182.207
182.618
182.976
183.277
183.521
183.704
183.827
183.889
183.889
183.827
183.704
183.521
183.277
182.976
182.618
182.207
181.745
181.234
202.49
203.081
203.616
204.092
204.506
204.855
205.137
205.35
205.492
205.564
205.564
205.492
205.35
205.137
204.855
204.506
204.092
203.616
203.081
202.49
223.413
224.089
224.701
225.246
225.719
226.119
226.441
226.685
226.848
226.93
226.93
226.848
226.685
226.441
226.119
225.719
225.246
224.701
224.089
223.413
244.079
244.844
245.538
246.156
246.693
247.146
247.512
247.788
247.974
248.067
248.067
247.974
247.788
247.512
247.146
246.693
246.156
245.538
244.844
244.079
264.553
265.413
266.194
266.889
267.494
268.004
268.416
268.727
268.936
269.041
269.041
268.936
268.727
268.416
268.004
267.494
266.889
266.194
265.413
264.553
284.89
285.852
286.725
287.503
288.179
288.75
289.212
289.56
289.794
289.911
289.911
289.794
289.56
289.212
288.75
288.179
287.503
286.725
285.852
284.89
305.14
306.21
307.181
308.046
308.799
309.435
309.949
310.337
310.598
310.728
310.728
310.598
310.337
309.949
309.435
308.799
308.046
307.181
306.21
305.14
325.343
326.528
327.604
328.563
329.397
330.102
330.672
331.103
331.391
331.536
331.536
331.391
331.103
330.672
330.102
329.397
328.563
327.604
326.528
325.343
345.536
346.844
348.032
349.09
350.012
350.79
351.42
351.895
352.215
352.375
352.375
352.215
351.895
351.42
350.79
350.012
349.09
348.032
346.844
345.536
365.751
367.191
368.498
369.663
370.677
371.534
372.228
372.752
373.103
373.28
373.28
373.103
372.752
372.228
371.534
370.677
369.663
368.498
367.191
365.751
386.018
387.598
389.033
390.312
391.427
392.368
393.13
393.705
394.091
394.285
394.285
394.091
393.705
393.13
392.368
391.427
390.312
389.033
387.598
386.018
406.363
408.094
409.666
411.069
412.29
413.322
414.157
414.788
415.212
415.424
415.424
415.212
414.788
414.157
413.322
412.29
411.069
409.666
408.094
406.363
426.814
428.707
430.428
431.962
433.299
434.429
435.342
436.033
436.496
436.728
436.728
436.496
436.033
435.342
434.429
433.299
431.962
430.428
428.707
426.814
447.395
449.465
451.345
453.023
454.484
455.719
456.717
457.472
457.978
458.232
458.232
457.978
457.472
456.717
455.719
454.484
453.023
451.345
449.465
447.395
468.133
470.395
472.449
474.282
475.878
477.226
478.316
479.139
479.691
479.968
479.968
479.691
479.139
478.316
477.226
475.878
474.282
472.449
470.395
468.133
489.057
491.527
493.772
495.773
497.515
498.986
500.174
501.072
501.674
501.975
501.975
501.674
501.072
500.174
498.986
497.515
495.773
493.772
491.527
489.057
510.196
512.896
515.347
517.532
519.433
521.037
522.332
523.31
523.965
524.293
524.293
523.965
523.31
522.332
521.037
519.433
517.532
515.347
512.896
510.196
531.584
534.536
537.215
539.601
541.675
543.423
544.833
545.897
546.61
546.967
546.967
546.61
545.897
544.833
543.423
541.675
539.601
537.215
534.536
531.584
553.259
556.49
559.419
562.026
564.289
566.193
567.728
568.884
569.658
570.045
570.045
569.658
568.884
567.728
566.193
564.289
562.026
559.419
556.49
553.259
575.265
578.806
582.013
584.862
587.33
589.404
591.072
592.327
593.165
593.584
593.584
593.165
592.327
591.072
589.404
587.33
584.862
582.013
578.806
575.265
597.654
601.541
605.057
608.172
610.865
613.12
614.929
616.288
617.194
617.647
617.647
617.194
616.288
614.929
613.12
610.865
608.172
605.057
601.541
597.654
620.487
624.765
628.624
632.032
634.968
637.417
639.375
640.841
641.816
642.303
642.303
641.816
640.841
639.375
637.417
634.968
632.032
628.624
624.765
620.487
643.842
648.563
652.805
656.534
659.73
662.383
664.494
666.068
667.113
667.633
667.633
667.113
666.068
664.494
662.383
659.73
656.534
652.805
648.563
643.842
667.813
673.038
677.709
681.789
685.26
688.122
690.386
692.065
693.176
693.728
693.728
693.176
692.065
690.386
688.122
685.26
681.789
677.709
673.038
667.813
692.519
698.324
703.474
707.931
711.687
714.756
717.164
718.939
720.106
720.685
720.685
720.106
718.939
717.164
714.756
711.687
707.931
703.474
698.324
692.519
718.113
724.59
730.272
735.128
739.167
742.428
744.959
746.808
748.017
748.613
748.613
748.017
746.808
744.959
742.428
739.167
735.128
730.272
724.59
718.113
744.798
752.057
758.327
763.588
767.886
771.3
773.913
775.801
777.026
777.628
777.628
777.026
775.801
773.913
771.3
767.886
763.588
758.327
752.057
744.798
772.845
781.025
787.923
793.563
798.059
801.552
804.18
806.054
807.258
807.846
807.846
807.258
806.054
804.18
801.552
798.059
793.563
787.923
781.025
772.845
802.641
811.906
819.434
825.361
829.927
833.378
835.917
837.698
838.83
839.38
839.38
838.83
837.698
835.917
833.378
829.927
825.361
819.434
811.906
802.641
834.769
845.293
853.346
859.34
863.749
866.964
869.268
870.854
871.85
872.331
872.331
871.85
870.854
869.268
866.964
863.749
859.34
853.346
845.293
834.769
870.212
882.079
890.275
895.884
899.76
902.464
904.346
905.616
906.404
906.781
906.781
906.404
905.616
904.346
902.464
899.76
895.884
890.275
882.079
870.212
910.922
923.642
930.927
935.311
938.104
939.958
941.209
942.039
942.548
942.79
942.79
942.548
942.039
941.209
939.958
938.104
935.311
930.927
923.642
910.922
961.772
971.942
975.803
977.664
978.728
979.4
979.843
980.133
980.309
980.393
980.393
980.309
980.133
979.843
979.4
978.728
977.664
975.803
971.942
961.772
14.0503
14.0124
13.972
13.9293
13.8846
13.8381
13.7901
13.7406
13.69
13.6385
13.5861
13.5332
13.4798
13.4263
13.3729
13.3196
13.2668
13.2146
13.1631
13.1126
13.0632
13.0151
12.9683
12.9231
12.8796
12.8378
12.798
12.7602
12.7246
12.6912
12.6601
12.6315
12.6053
12.5818
12.5609
12.5426
12.5271
12.5142
12.5042
12.4977
40.7571
40.6438
40.5231
40.3956
40.2622
40.1233
39.9798
39.8322
39.6812
39.5273
39.3711
39.2133
39.0543
38.8949
38.7356
38.5771
38.4198
38.2644
38.1113
37.9611
37.8143
37.6712
37.5324
37.3982
37.2689
37.1451
37.027
36.915
36.8094
36.7105
36.6185
36.5338
36.4566
36.387
36.3252
36.2714
36.2257
36.1884
36.1605
36.1442
66.2442
66.0553
65.8541
65.6418
65.4194
65.1881
64.9491
64.7034
64.452
64.1961
63.9365
63.6741
63.41
63.1453
62.8809
62.6177
62.3568
62.0991
61.8454
61.5965
61.3532
61.1163
60.8865
60.6644
60.4507
60.246
60.0508
59.8658
59.6914
59.5281
59.3764
59.2367
59.1093
58.9946
58.8929
58.8045
58.7296
58.669
58.624
58.5979
90.6749
90.4095
90.1269
89.8286
89.5164
89.1918
88.8564
88.5117
88.1593
87.8006
87.4371
87.07
86.7007
86.3306
85.961
85.5934
85.2292
84.8694
84.5155
84.1684
83.8294
83.4994
83.1793
82.8702
82.5729
82.2882
82.017
81.7599
81.5177
81.291
81.0806
80.8868
80.7102
80.5513
80.4105
80.2882
80.1849
80.1013
80.0394
80.0034
114.201
113.857
113.491
113.105
112.701
112.282
111.848
111.402
110.947
110.484
110.015
109.542
109.067
108.59
108.115
107.642
107.174
106.712
106.258
105.813
105.378
104.955
104.545
104.149
103.769
103.405
103.058
102.73
102.421
102.131
101.863
101.616
101.391
101.188
101.009
100.854
100.722
100.616
100.537
100.491
136.961
136.537
136.085
135.609
135.11
134.592
134.057
133.508
132.948
132.378
131.801
131.22
130.636
130.051
129.468
128.889
128.316
127.751
127.195
126.651
126.12
125.604
125.103
124.621
124.158
123.714
123.293
122.893
122.517
122.166
121.84
121.54
121.267
121.022
120.805
120.616
120.457
120.329
120.233
120.177
159.083
158.574
158.033
157.462
156.865
156.245
155.606
154.949
154.28
153.599
152.911
152.218
151.522
150.827
150.134
149.446
148.765
148.094
147.436
146.791
146.162
145.552
144.961
144.391
143.844
143.321
142.824
142.354
141.911
141.498
141.115
140.762
140.442
140.154
139.899
139.678
139.492
139.341
139.228
139.162
180.678
180.081
179.446
178.777
178.077
177.351
176.601
175.833
175.049
174.253
173.449
172.639
171.828
171.018
170.211
169.41
168.619
167.84
167.076
166.328
165.6
164.893
164.209
163.551
162.919
162.316
161.743
161.201
160.692
160.216
159.776
159.371
159.003
158.673
158.381
158.127
157.913
157.74
157.611
157.535
201.848
201.157
200.424
199.65
198.842
198.004
197.139
196.253
195.349
194.433
193.507
192.576
191.643
190.713
189.787
188.87
187.964
187.073
186.2
185.346
184.515
183.71
182.931
182.182
181.464
180.779
180.128
179.514
178.937
178.399
177.9
177.443
177.027
176.654
176.325
176.039
175.798
175.603
175.458
175.373
222.679
221.89
221.052
220.169
219.246
218.289
217.303
216.293
215.263
214.219
213.165
212.106
211.046
209.989
208.939
207.9
206.875
205.867
204.88
203.916
202.98
202.072
201.195
200.353
199.546
198.777
198.048
197.359
196.713
196.111
195.554
195.044
194.58
194.164
193.796
193.478
193.21
192.993
192.833
192.739
243.247
242.354
241.405
240.405
239.362
238.28
237.165
236.023
234.86
233.681
232.492
231.298
230.103
228.914
227.734
226.566
225.415
224.285
223.18
222.102
221.054
220.04
219.063
218.124
217.225
216.37
215.559
214.795
214.078
213.411
212.794
212.229
211.716
211.257
210.852
210.501
210.205
209.967
209.791
209.689
263.617
262.613
261.546
260.424
259.252
258.037
256.786
255.505
254.2
252.879
251.547
250.21
248.874
247.544
246.226
244.923
243.641
242.382
241.152
239.954
238.792
237.667
236.584
235.545
234.552
233.607
232.712
231.87
231.08
230.346
229.668
229.047
228.485
227.981
227.537
227.153
226.831
226.572
226.381
226.271
283.845
282.723
281.532
280.278
278.97
277.614
276.218
274.789
273.335
271.863
270.379
268.891
267.405
265.927
264.463
263.018
261.597
260.204
258.843
257.519
256.236
254.996
253.803
252.659
251.567
250.53
249.548
248.625
247.76
246.957
246.216
245.538
244.925
244.376
243.893
243.476
243.126
242.846
242.641
242.523
303.977
302.73
301.407
300.014
298.561
297.056
295.506
293.921
292.308
290.675
289.031
287.383
285.738
284.103
282.485
280.89
279.322
277.787
276.29
274.834
273.424
272.063
270.755
269.503
268.308
267.174
266.102
265.095
264.153
263.279
262.473
261.736
261.07
260.475
259.952
259.502
259.125
258.824
258.604
258.48
324.056
322.676
321.211
319.671
318.063
316.399
314.686
312.934
311.153
309.35
307.536
305.718
303.906
302.105
300.325
298.571
296.849
295.165
293.523
291.929
290.386
288.899
287.471
286.105
284.803
283.569
282.403
281.309
280.287
279.339
278.466
277.669
276.95
276.307
275.744
275.259
274.854
274.532
274.299
274.169
344.116
342.594
340.979
339.281
337.51
335.676
333.79
331.861
329.9
327.918
325.923
323.926
321.935
319.96
318.008
316.087
314.202
312.361
310.568
308.829
307.147
305.528
303.975
302.49
301.077
299.738
298.476
297.291
296.186
295.162
294.22
293.361
292.586
291.895
291.29
290.77
290.338
289.995
289.749
289.612
364.19
362.516
360.74
358.874
356.928
354.914
352.843
350.726
348.575
346.401
344.215
342.028
339.849
337.689
335.556
333.458
331.403
329.397
327.445
325.553
323.727
321.97
320.286
318.678
317.149
315.702
314.339
313.061
311.87
310.767
309.754
308.831
307.999
307.259
306.611
306.056
305.595
305.232
304.972
304.83
384.304
382.468
380.52
378.474
376.341
374.135
371.866
369.549
367.196
364.819
362.43
360.041
357.664
355.308
352.985
350.702
348.467
346.287
344.169
342.119
340.141
338.24
336.42
334.684
333.035
331.475
330.007
328.633
327.353
326.17
325.083
324.094
323.204
322.413
321.721
321.13
320.642
320.258
319.985
319.837
404.486
402.475
400.343
398.104
395.771
393.358
390.88
388.349
385.78
383.186
380.582
377.98
375.393
372.831
370.307
367.829
365.405
363.044
360.753
358.536
356.4
354.349
352.388
350.519
348.745
347.07
345.494
344.02
342.649
341.382
340.22
339.164
338.214
337.37
336.635
336.007
335.49
335.085
334.8
334.646
424.76
422.561
420.23
417.784
415.236
412.602
409.898
407.138
404.339
401.516
398.683
395.855
393.045
390.267
387.531
384.848
382.227
379.676
377.203
374.813
372.513
370.307
368.199
366.192
364.29
362.495
360.808
359.231
357.766
356.413
355.174
354.049
353.038
352.141
351.361
350.696
350.15
349.725
349.427
349.267
445.15
442.748
440.202
437.532
434.752
431.881
428.934
425.93
422.885
419.817
416.741
413.673
410.629
407.621
404.662
401.764
398.936
396.188
393.525
390.956
388.485
386.118
383.859
381.71
379.675
377.756
375.955
374.273
372.711
371.271
369.953
368.757
367.683
366.733
365.907
365.205
364.63
364.184
363.873
363.708
465.682
463.058
460.279
457.366
454.335
451.207
448
444.733
441.425
438.095
434.761
431.439
428.146
424.896
421.704
418.58
415.536
412.581
409.722
406.966
404.319
401.785
399.369
397.074
394.903
392.857
390.939
389.149
387.489
385.959
384.561
383.293
382.156
381.152
380.279
379.54
378.935
378.468
378.144
377.974
486.379
483.514
480.481
477.303
474
470.594
467.105
463.555
459.965
456.355
452.745
449.154
445.598
442.094
438.656
435.296
432.027
428.856
425.793
422.844
420.014
417.309
414.732
412.287
409.976
407.801
405.763
403.863
402.103
400.482
399.001
397.66
396.46
395.4
394.481
393.703
393.069
392.581
392.245
392.069
507.27
504.14
500.829
497.361
493.76
490.051
486.257
482.402
478.509
474.599
470.695
466.817
462.984
459.211
455.516
451.909
448.404
445.01
441.736
438.587
435.569
432.688
429.947
427.348
424.894
422.586
420.426
418.415
416.553
414.84
413.276
411.861
410.596
409.481
408.515
407.699
407.036
406.527
406.178
405.997
528.385
524.962
521.344
517.557
513.63
509.59
505.464
501.278
497.057
492.826
488.609
484.427
480.299
476.244
472.278
468.414
464.665
461.039
457.546
454.191
450.981
447.919
445.009
442.253
439.654
437.212
434.928
432.804
430.839
429.032
427.385
425.896
424.566
423.395
422.382
421.528
420.835
420.305
419.943
419.757
549.756
546.009
542.05
537.91
533.623
529.219
524.73
520.184
515.61
511.034
506.481
501.976
497.537
493.186
488.937
484.804
480.801
476.936
473.217
469.651
466.243
462.996
459.915
457
454.253
451.675
449.267
447.028
444.959
443.059
441.327
439.764
438.369
437.142
436.082
435.19
434.468
433.917
433.543
433.35
571.423
567.313
562.973
558.44
553.753
548.947
544.059
539.12
534.163
529.216
524.305
519.456
514.689
510.026
505.481
501.069
496.803
492.691
488.741
484.958
481.349
477.915
474.659
471.582
468.686
465.971
463.437
461.084
458.91
456.917
455.101
453.464
452.004
450.721
449.614
448.685
447.933
447.362
446.974
446.777
593.431
588.912
584.142
579.168
574.033
568.781
563.452
558.084
552.711
547.363
542.069
536.855
531.743
526.752
521.899
517.198
512.66
508.294
504.107
500.105
496.29
492.665
489.233
485.994
482.948
480.096
477.436
474.967
472.69
470.602
468.704
466.992
465.468
464.129
462.977
462.01
461.229
460.638
460.238
460.034
615.832
610.849
605.591
600.115
594.476
588.725
582.909
577.069
571.243
565.463
559.76
554.159
548.682
543.349
538.176
533.176
528.359
523.734
519.306
515.079
511.056
507.24
503.631
500.228
497.032
494.042
491.256
488.674
486.293
484.113
482.131
480.346
478.758
477.365
476.167
475.163
474.354
473.742
473.33
473.121
638.693
633.175
627.357
621.308
615.096
608.783
602.423
596.063
589.744
583.499
577.358
571.347
565.488
559.799
554.294
548.987
543.885
538.995
534.322
529.869
525.638
521.629
517.842
514.276
510.931
507.804
504.893
502.198
499.715
497.442
495.379
493.522
491.871
490.425
489.182
488.142
487.305
486.674
486.248
486.034
662.092
655.953
649.483
642.771
635.902
628.952
621.984
615.05
608.192
601.446
594.839
588.396
582.138
576.079
570.234
564.612
559.219
554.062
549.142
544.462
540.022
535.82
531.857
528.129
524.636
521.373
518.34
515.533
512.949
510.586
508.443
506.516
504.804
503.305
502.018
500.943
500.079
499.428
498.991
498.77
686.13
679.257
672.018
664.529
656.9
649.223
641.572
634.003
626.559
619.274
612.173
605.278
598.604
592.165
585.971
580.029
574.344
568.917
563.751
558.844
554.196
549.804
545.666
541.778
538.139
534.743
531.589
528.673
525.99
523.54
521.318
519.322
517.551
516.001
514.672
513.562
512.672
512.002
511.553
511.327
710.931
703.177
695.015
686.604
678.087
669.576
661.156
652.886
644.806
636.946
629.324
621.957
614.855
608.028
601.48
595.216
589.237
583.542
578.131
573
568.147
563.567
559.258
555.214
551.431
547.906
544.634
541.611
538.833
536.297
533.999
531.937
530.108
528.509
527.139
525.996
525.081
524.392
523.931
523.7
736.654
727.82
718.53
709.01
699.446
689.975
680.69
671.648
662.882
654.411
646.246
638.392
630.854
623.634
616.732
610.147
603.876
597.917
592.265
586.914
581.861
577.098
572.622
568.425
564.504
560.853
557.467
554.341
551.471
548.852
546.481
544.355
542.47
540.824
539.415
538.241
537.3
536.594
536.122
535.885
763.509
753.313
742.614
731.739
720.933
710.357
700.104
690.22
680.722
671.612
662.886
654.538
646.561
638.948
631.695
624.794
618.238
612.021
606.134
600.571
595.323
590.384
585.746
581.404
577.349
573.577
570.081
566.856
563.897
561.2
558.759
556.571
554.634
552.943
551.496
550.291
549.328
548.605
548.122
547.88
791.772
779.795
767.293
754.745
742.464
730.624
719.3
708.511
698.245
688.477
679.184
670.341
661.929
653.933
646.337
639.13
632.299
625.833
619.721
613.953
608.52
603.413
598.621
594.139
589.957
586.069
582.469
579.15
576.107
573.334
570.827
568.581
566.593
564.859
563.377
562.144
561.158
560.419
559.926
559.68
821.817
807.4
792.533
777.908
763.889
750.627
738.144
726.405
715.351
704.924
695.07
685.744
676.912
668.546
660.623
653.124
646.032
639.331
633.007
627.046
621.438
616.172
611.236
606.621
602.32
598.323
594.624
591.217
588.094
585.25
582.68
580.38
578.344
576.57
575.055
573.795
572.789
572.035
571.532
571.28
854.139
836.18
818.154
800.972
784.959
770.15
756.458
743.759
731.929
720.863
710.471
700.687
691.46
682.748
674.52
666.749
659.414
652.495
645.973
639.834
634.064
628.65
623.579
618.842
614.429
610.331
606.541
603.05
599.853
596.943
594.314
591.963
589.883
588.072
586.525
585.24
584.214
583.446
582.935
582.679
889.32
865.89
843.668
823.469
805.296
788.906
774.028
760.412
747.856
736.197
725.313
715.112
705.524
696.499
687.994
679.978
672.422
665.305
658.604
652.303
646.385
640.835
635.642
630.793
626.278
622.087
618.212
614.645
611.379
608.407
605.725
603.326
601.205
599.359
597.783
596.475
595.432
594.651
594.131
593.871
927.476
895.395
868.01
844.636
824.385
806.551
790.616
776.197
763.007
750.835
739.524
728.961
719.061
709.762
701.016
692.784
685.035
677.743
670.884
664.439
658.389
652.719
647.416
642.466
637.859
633.584
629.632
625.996
622.667
619.64
616.908
614.465
612.307
610.429
608.827
607.497
606.438
605.645
605.117
604.854
615.624
615.891
616.425
617.228
618.303
619.652
621.278
623.185
625.377
627.859
630.636
633.714
637.098
640.797
644.816
649.166
653.854
658.893
664.292
670.066
676.23
682.799
689.794
697.235
705.147
713.559
722.507
732.032
742.187
753.044
764.698
777.277
790.962
806
822.736
841.65
863.453
889.294
921.337
964.735
626.178
626.448
626.989
627.802
628.89
630.256
631.903
633.836
636.059
638.576
641.393
644.515
647.949
651.701
655.78
660.193
664.952
670.065
675.546
681.408
687.667
694.339
701.444
709.005
717.048
725.604
734.708
744.406
754.754
765.827
777.725
790.585
804.597
820.021
837.213
856.662
879.055
905.394
937.146
976.296
636.515
636.787
637.333
638.154
639.254
640.635
642.302
644.258
646.507
649.055
651.906
655.066
658.542
662.341
666.469
670.937
675.753
680.928
686.475
692.408
698.741
705.493
712.684
720.336
728.476
737.135
746.349
756.165
766.638
777.845
789.884
802.892
817.055
832.622
849.922
869.386
891.563
917.128
946.81
981.054
646.631
646.905
647.456
648.284
649.394
650.789
652.472
654.447
656.719
659.293
662.174
665.366
668.877
672.713
676.882
681.392
686.254
691.477
697.074
703.059
709.447
716.257
723.506
731.219
739.422
748.144
757.422
767.3
777.832
789.091
801.172
814.201
828.352
843.847
860.97
880.068
901.541
925.802
953.167
983.613
656.524
656.8
657.355
658.189
659.308
660.714
662.411
664.403
666.694
669.289
672.193
675.411
678.95
682.815
687.014
691.556
696.451
701.708
707.339
713.359
719.782
726.625
733.908
741.653
749.884
758.63
767.926
777.813
788.341
799.578
811.609
824.549
838.55
853.805
870.548
889.049
909.591
932.425
957.689
985.276
666.193
666.471
667.028
667.868
668.994
670.409
672.117
674.122
676.429
679.041
681.963
685.2
688.758
692.644
696.864
701.427
706.342
711.618
717.269
723.306
729.744
736.599
743.89
751.637
759.864
768.598
777.87
787.716
798.184
809.331
821.235
833.995
847.742
862.638
878.873
896.658
916.2
937.662
961.118
986.488
675.637
675.916
676.475
677.319
678.45
679.873
681.59
683.605
685.923
688.546
691.481
694.731
698.301
702.198
706.43
711.002
715.925
721.208
726.862
732.899
739.333
746.179
753.454
761.178
769.371
778.057
787.266
797.029
807.386
818.389
830.102
842.613
856.031
870.491
886.15
903.177
921.73
941.934
963.847
987.434
684.854
685.133
685.694
686.541
687.676
689.104
690.827
692.849
695.174
697.805
700.746
704.002
707.577
711.478
715.71
720.282
725.201
730.477
736.119
742.14
748.552
755.369
762.606
770.281
778.412
787.022
796.134
805.775
815.981
826.794
838.27
850.481
863.52
877.501
892.556
908.825
926.44
945.51
966.098
988.208
693.843
694.122
694.685
695.533
696.671
698.102
699.829
701.855
704.182
706.815
709.757
713.012
716.585
720.481
724.705
729.266
734.17
739.426
745.043
751.033
757.405
764.174
771.353
778.957
787.003
795.509
804.495
813.984
824.006
834.594
845.797
857.674
870.305
883.788
898.237
913.773
930.515
948.568
968.003
988.859
702.604
702.883
703.446
704.295
705.434
706.867
708.594
710.62
712.947
715.577
718.515
721.763
725.325
729.208
733.415
737.955
742.833
748.057
753.637
759.58
765.899
772.603
779.706
787.22
795.158
803.538
812.374
821.686
831.497
841.836
852.741
864.265
876.474
889.456
903.311
918.151
934.088
951.226
969.649
989.42
711.136
711.416
711.978
712.827
713.966
715.397
717.123
719.146
721.467
724.09
727.017
730.252
733.797
737.659
741.841
746.35
751.192
756.374
761.903
767.789
774.039
780.664
787.675
795.081
802.895
811.129
819.796
828.911
838.493
848.564
859.157
870.317
882.102
894.589
907.873
922.059
937.255
953.568
971.094
989.912
719.44
719.719
720.28
721.128
722.265
723.694
725.415
727.431
729.743
732.354
735.265
738.48
742.002
745.835
749.984
754.454
759.251
764.38
769.849
775.664
781.834
788.367
795.271
802.556
810.23
818.303
826.786
835.69
845.029
854.822
865.095
875.887
887.252
899.26
912
925.573
940.088
955.655
972.378
990.348
727.515
727.793
728.353
729.199
730.333
731.756
733.47
735.476
737.775
740.368
743.258
746.448
749.94
753.738
757.846
762.269
767.012
772.079
777.478
783.213
789.292
795.722
802.508
809.659
817.182
825.083
833.37
842.053
851.14
860.648
870.599
881.027
891.981
903.528
915.753
928.754
942.642
957.531
973.529
990.739
735.362
735.639
736.197
737.04
738.169
739.585
741.288
743.281
745.562
748.134
750.998
754.157
757.613
761.369
765.43
769.799
774.48
779.478
784.798
790.445
796.423
802.74
809.399
816.407
823.768
831.488
839.572
848.026
856.857
866.079
875.709
885.779
896.335
907.441
919.18
931.649
944.959
959.229
974.57
991.093
742.982
743.257
743.813
744.651
745.773
747.18
748.87
750.845
753.105
755.651
758.485
761.608
765.022
768.732
772.739
777.047
781.66
786.581
791.815
797.365
803.236
809.432
815.957
822.814
830.007
837.539
845.414
853.636
862.21
871.145
880.46
890.181
900.354
911.041
922.321
934.294
947.073
960.775
975.517
991.415
750.374
750.648
751.201
752.034
753.147
754.542
756.216
758.171
760.406
762.922
765.72
768.802
772.171
775.828
779.776
784.018
788.557
793.395
798.537
803.985
809.742
815.81
822.194
828.895
835.915
843.255
850.919
858.907
867.223
875.877
884.882
894.266
904.072
914.36
925.21
936.722
949.009
962.19
976.383
991.709
757.541
757.813
758.362
759.188
760.292
761.672
763.328
765.259
767.465
769.947
772.706
775.743
779.061
782.661
786.545
790.716
795.176
799.927
804.972
810.311
815.949
821.886
828.124
834.664
841.508
848.655
856.105
863.86
871.922
880.298
889.003
898.062
907.517
917.428
927.874
938.957
950.789
963.49
977.179
991.979
764.483
764.753
765.297
766.115
767.207
768.57
770.205
772.109
774.283
776.728
779.444
782.433
785.697
789.236
793.052
797.148
801.524
806.183
811.126
816.354
821.869
827.67
833.76
840.137
846.802
853.754
860.992
868.516
876.328
884.434
892.847
901.593
910.714
920.268
930.336
941.019
952.43
964.688
977.912
992.228
771.201
771.469
772.007
772.816
773.894
775.239
776.849
778.724
780.864
783.268
785.939
788.876
792.081
795.555
799.301
803.318
807.608
812.171
817.009
822.122
827.51
833.174
839.113
845.326
851.812
858.569
865.597
872.893
880.46
888.303
896.435
904.881
913.683
922.9
932.614
942.926
953.947
965.794
978.588
992.458
777.697
777.962
778.494
779.293
780.355
781.679
783.263
785.106
787.208
789.57
792.191
795.074
798.218
801.626
805.297
809.232
813.432
817.898
822.628
827.624
832.884
838.408
844.195
850.243
856.551
863.116
869.935
877.008
884.336
891.923
899.784
907.944
916.443
925.343
934.726
944.692
955.351
966.818
979.215
992.671
783.973
784.235
784.76
785.546
786.591
787.892
789.448
791.257
793.32
795.636
798.206
801.032
804.113
807.451
811.045
814.897
819.005
823.371
827.992
832.869
838
843.384
849.018
854.902
861.033
867.407
874.022
880.877
887.971
895.312
902.912
910.798
919.011
927.612
936.686
946.33
956.652
967.767
979.796
992.869
790.03
790.289
790.806
791.579
792.605
793.882
795.407
797.181
799.202
801.47
803.988
806.754
809.77
813.036
816.552
820.318
824.334
828.597
833.108
837.865
842.866
848.11
853.593
859.314
865.269
871.455
877.87
884.512
891.381
898.483
905.834
913.458
921.399
929.721
938.506
947.85
957.86
968.648
980.335
993.053
795.872
796.126
796.634
797.393
798.399
799.65
801.144
802.879
804.857
807.077
809.539
812.245
815.195
818.388
821.824
825.503
829.424
833.585
837.985
842.621
847.493
852.596
857.929
863.489
869.271
875.274
881.493
887.927
894.577
901.45
908.561
915.937
923.622
931.682
940.197
949.263
958.982
969.467
980.837
993.224
801.499
801.749
802.248
802.992
803.977
805.2
806.66
808.357
810.29
812.46
814.866
817.51
820.391
823.51
826.866
830.457
834.282
838.341
842.629
847.146
851.888
856.853
862.037
867.437
873.05
878.872
884.9
891.133
897.572
904.224
911.106
918.247
925.692
933.506
941.77
950.576
960.026
970.229
981.304
993.383
806.916
807.162
807.65
808.377
809.34
810.535
811.961
813.618
815.505
817.623
819.972
822.553
825.366
828.41
831.684
835.187
838.917
842.872
847.049
851.447
856.061
860.888
865.925
871.169
876.616
882.262
888.104
894.141
900.376
906.817
913.481
920.399
927.619
935.204
943.234
951.798
960.997
970.938
981.739
993.531
812.125
812.366
812.843
813.553
814.493
815.658
817.05
818.665
820.506
822.572
824.864
827.381
830.124
833.092
836.284
839.699
843.333
847.186
851.253
855.532
860.019
864.71
869.603
874.694
879.978
885.452
891.113
896.962
903.001
909.239
915.696
922.405
929.413
936.784
944.596
952.936
961.902
971.6
982.145
993.67
817.13
817.365
817.831
818.523
819.439
820.575
821.93
823.505
825.298
827.311
829.545
831.998
834.671
837.564
840.674
844
847.539
851.289
855.247
859.408
863.77
868.328
873.079
878.019
883.145
888.452
893.938
899.605
905.455
911.501
917.763
924.274
931.085
938.257
945.865
953.997
962.746
972.217
982.524
993.799
821.933
822.163
822.617
823.291
824.183
825.288
826.607
828.14
829.886
831.846
834.021
836.41
839.013
841.83
844.858
848.096
851.54
855.189
859.038
863.084
867.322
871.749
876.362
881.155
886.125
891.27
896.588
902.079
907.75
913.612
919.69
926.017
932.643
939.629
947.048
954.986
963.534
972.793
982.878
993.921
826.54
826.763
827.205
827.862
828.728
829.803
831.086
832.576
834.275
836.182
838.298
840.623
843.156
845.897
848.843
851.994
855.344
858.892
862.634
866.565
870.683
874.982
879.458
884.108
888.928
893.916
899.071
904.394
909.894
915.584
921.488
927.643
934.096
940.909
948.153
955.91
964.271
973.333
983.211
994.034
830.953
831.171
831.6
832.238
833.08
834.124
835.371
836.819
838.47
840.324
842.381
844.642
847.105
849.771
852.636
855.699
858.957
862.406
866.042
869.861
873.859
878.032
882.376
886.887
891.562
896.398
901.397
906.561
911.898
917.425
923.167
929.16
935.453
942.105
949.186
956.776
964.962
973.84
983.523
994.141
835.178
835.389
835.806
836.425
837.242
838.256
839.466
840.873
842.476
844.277
846.276
848.473
850.867
853.458
856.243
859.22
862.386
865.737
869.269
872.978
876.859
880.91
885.125
889.501
894.035
898.726
903.576
908.587
913.772
919.146
924.736
930.579
936.722
943.225
950.155
957.589
965.611
974.317
983.817
994.242
839.217
839.423
839.828
840.428
841.221
842.204
843.378
844.743
846.299
848.048
849.989
852.122
854.448
856.965
859.67
862.562
865.637
868.892
872.321
875.923
879.691
883.622
887.712
891.957
896.357
900.909
905.616
910.484
915.525
920.755
926.204
931.907
937.913
944.277
951.066
958.354
966.224
974.768
984.095
994.338
843.077
843.276
843.669
844.251
845.019
845.973
847.111
848.435
849.945
851.641
853.525
855.596
857.854
860.298
862.925
865.732
868.718
871.878
875.208
878.704
882.361
886.176
890.146
894.266
898.536
902.956
907.529
912.261
917.167
922.264
927.581
933.155
939.032
945.268
951.926
959.079
966.805
975.197
984.36
994.428
846.761
846.954
847.335
847.899
848.643
849.567
850.671
851.954
853.418
855.064
856.891
858.901
861.092
863.463
866.013
868.738
871.636
874.704
877.936
881.329
884.879
888.582
892.435
896.435
900.582
904.877
909.323
913.928
918.708
923.681
928.877
934.331
940.09
946.207
952.743
959.768
967.359
975.605
984.613
994.515
850.274
850.461
850.83
851.376
852.097
852.993
854.062
855.306
856.725
858.321
860.093
862.042
864.167
866.467
868.941
871.586
874.399
877.376
880.513
883.807
887.253
890.849
894.59
898.476
902.506
906.681
911.009
915.496
920.159
925.017
930.101
935.445
941.094
947.1
953.522
960.427
967.89
975.998
984.856
994.599
853.62
853.802
854.159
854.688
855.387
856.254
857.29
858.496
859.871
861.418
863.136
865.026
867.087
869.318
871.718
874.284
877.013
879.902
882.947
886.145
889.492
892.984
896.619
900.396
904.316
908.381
912.597
916.975
921.529
926.282
931.262
936.504
942.052
947.955
954.27
961.062
968.403
976.378
985.092
994.68
856.805
856.98
857.326
857.839
858.516
859.357
860.361
861.529
862.862
864.361
866.027
867.859
869.857
872.021
874.349
876.839
879.487
882.291
885.248
888.353
891.604
894.998
898.532
902.207
906.023
909.985
914.098
918.375
922.83
927.486
932.371
937.519
942.973
948.779
954.994
961.677
968.901
976.747
985.321
994.759
859.831
860.001
860.337
860.834
861.49
862.305
863.278
864.411
865.703
867.157
868.771
870.548
872.486
874.585
876.843
879.258
881.829
884.551
887.423
890.44
893.6
896.9
900.34
903.919
907.638
911.504
915.523
919.706
924.071
928.638
933.436
938.498
943.864
949.58
955.699
962.279
969.389
977.11
985.546
994.837
862.704
862.869
863.195
863.677
864.313
865.104
866.048
867.146
868.4
869.809
871.376
873.099
874.978
877.015
879.206
881.55
884.046
886.691
889.481
892.414
895.488
898.701
902.051
905.541
909.172
912.949
916.881
920.979
925.261
929.747
934.465
939.448
944.733
950.364
956.391
962.871
969.87
977.468
985.769
994.913
865.428
865.588
865.904
866.372
866.99
867.757
868.674
869.741
870.957
872.325
873.845
875.517
877.342
879.318
881.446
883.723
886.148
888.718
891.431
894.285
897.279
900.409
903.678
907.085
910.634
914.33
918.183
922.204
926.41
930.823
935.468
940.377
945.585
951.136
957.075
963.458
970.348
977.824
985.99
994.99
868.005
868.161
868.468
868.923
869.524
870.271
871.162
872.198
873.38
874.709
876.185
877.809
879.582
881.502
883.569
885.782
888.14
890.641
893.282
896.063
898.981
902.036
905.228
908.559
912.033
915.656
919.437
923.389
927.527
931.872
936.45
941.291
946.428
951.901
957.756
964.043
970.825
978.18
986.212
995.066
870.441
870.592
870.892
871.335
871.92
872.647
873.514
874.522
875.673
876.965
878.401
879.98
881.704
883.572
885.583
887.736
890.032
892.468
895.042
897.754
900.603
903.588
906.711
909.973
913.38
916.937
920.653
924.542
928.618
932.903
937.419
942.196
947.265
952.665
958.436
964.629
971.303
978.536
986.434
995.143
872.737
872.885
873.177
873.61
874.181
874.89
875.735
876.718
877.839
879.099
880.497
882.036
883.714
885.533
887.492
889.591
891.829
894.205
896.718
899.368
902.153
905.075
908.135
911.335
914.681
918.178
921.837
925.669
929.69
933.919
938.379
943.096
948.101
953.429
959.119
965.218
971.784
978.895
986.657
995.22
874.898
875.042
875.328
875.751
876.309
877.002
877.829
878.789
879.884
881.113
882.478
883.979
885.617
887.392
889.304
891.353
893.538
895.86
898.317
900.91
903.638
906.503
909.507
912.652
915.943
919.388
922.995
926.777
930.748
934.926
939.334
943.995
948.938
954.195
959.805
965.81
972.268
979.256
986.882
995.298
876.924
877.066
877.346
877.761
878.309
878.987
879.797
880.737
881.809
883.012
884.347
885.815
887.416
889.151
891.021
893.025
895.163
897.436
899.844
902.386
905.064
907.878
910.832
913.928
917.172
920.57
924.131
927.868
931.794
935.927
940.285
944.893
949.776
954.965
960.494
966.405
972.755
979.619
987.107
995.376
878.82
878.96
879.235
879.642
880.18
880.847
881.643
882.566
883.617
884.797
886.106
887.545
889.114
890.815
892.647
894.612
896.709
898.939
901.303
903.801
906.434
909.204
912.114
915.167
918.369
921.727
925.248
928.945
932.831
936.921
941.234
945.791
950.616
955.736
961.185
967.002
973.242
979.982
987.333
995.454
880.586
880.724
880.995
881.397
881.927
882.584
883.367
884.276
885.31
886.47
887.757
889.171
890.713
892.384
894.185
896.116
898.177
900.371
902.696
905.156
907.751
910.483
913.355
916.372
919.538
922.859
926.346
930.008
933.857
937.908
942.178
946.685
951.453
956.506
961.875
967.598
973.728
980.344
987.558
995.532
882.225
882.361
882.629
883.026
883.55
884.198
884.972
885.868
886.889
888.033
889.302
890.695
892.215
893.861
895.635
897.537
899.569
901.731
904.025
906.453
909.015
911.715
914.555
917.541
920.676
923.967
927.423
931.053
934.869
938.884
943.113
947.573
952.285
957.27
962.559
968.187
974.209
980.701
987.781
995.609
883.737
883.871
884.137
884.53
885.049
885.692
886.457
887.344
888.354
889.486
890.74
892.117
893.618
895.245
896.997
898.876
900.883
903.02
905.288
907.689
910.225
912.898
915.713
918.672
921.781
925.047
928.476
932.078
935.864
939.845
944.034
948.448
953.104
958.023
963.232
968.766
974.68
981.051
987.998
995.684
885.123
885.256
885.52
885.911
886.426
887.064
887.824
888.704
889.705
890.827
892.071
893.435
894.923
896.534
898.269
900.131
902.119
904.236
906.483
908.863
911.378
914.03
916.823
919.761
922.848
926.092
929.499
933.076
936.834
940.783
944.934
949.303
953.904
958.756
963.886
969.328
975.136
981.39
988.209
995.757
886.384
886.517
886.779
887.168
887.681
888.315
889.071
889.947
890.942
892.058
893.293
894.649
896.126
897.726
899.449
901.297
903.272
905.374
907.606
909.969
912.468
915.103
917.88
920.801
923.871
927.096
930.483
934.038
937.771
941.689
945.804
950.128
954.675
959.462
964.514
969.867
975.572
981.713
988.41
995.827
887.52
887.652
887.914
888.302
888.813
889.446
890.199
891.072
892.063
893.174
894.405
895.755
897.226
898.818
900.533
902.372
904.337
906.429
908.65
911.002
913.489
916.112
918.876
921.784
924.841
928.051
931.42
934.956
938.664
942.553
946.633
950.913
955.407
960.131
965.108
970.374
975.983
982.017
988.599
995.892
888.532
888.664
888.925
889.312
889.822
890.454
891.206
892.077
893.067
894.176
895.404
896.751
898.218
899.806
901.516
903.35
905.309
907.394
909.609
911.954
914.433
917.048
919.803
922.701
925.747
928.944
932.299
935.816
939.502
943.364
947.41
951.648
956.091
960.754
965.66
970.845
976.363
982.299
988.773
995.953
889.419
889.55
889.811
890.198
890.708
891.34
892.091
892.962
893.952
895.06
896.287
897.633
899.099
900.685
902.394
904.225
906.181
908.264
910.475
912.816
915.29
917.9
920.649
923.541
926.578
929.765
933.107
936.608
940.274
944.11
948.123
952.322
956.716
961.322
966.162
971.272
976.708
982.554
988.932
996.008
890.181
890.313
890.573
890.96
891.47
892.102
892.854
893.725
894.715
895.824
897.051
898.398
899.864
901.451
903.16
904.991
906.947
909.029
911.239
913.579
916.052
918.66
921.405
924.292
927.323
930.502
933.833
937.32
940.967
944.78
948.763
952.925
957.275
961.829
966.609
971.652
977.014
982.78
989.072
996.056
890.818
890.95
891.21
891.597
892.107
892.74
893.492
894.364
895.355
896.465
897.694
899.042
900.51
902.099
903.809
905.642
907.6
909.683
911.894
914.235
916.708
919.315
922.059
924.943
927.97
931.143
934.465
937.94
941.571
945.362
949.319
953.448
957.759
962.267
966.995
971.979
977.277
982.975
989.193
996.098
891.33
891.462
891.722
892.109
892.619
893.251
894.005
894.877
895.87
896.981
898.212
899.562
901.033
902.624
904.337
906.173
908.133
910.219
912.432
914.775
917.249
919.857
922.601
925.484
928.509
931.677
934.992
938.457
942.075
945.848
949.783
953.884
958.162
962.632
967.316
972.252
977.497
983.137
989.293
996.133
891.717
891.848
892.108
892.494
893.004
893.637
894.39
895.264
896.257
897.37
898.603
899.955
901.428
903.022
904.738
906.577
908.54
910.629
912.845
915.19
917.667
920.277
923.022
925.905
928.928
932.094
935.404
938.862
942.469
946.229
950.147
954.227
958.48
962.919
967.569
972.467
977.67
983.264
989.373
996.161
891.976
892.107
892.367
892.753
893.262
893.895
894.648
895.522
896.517
897.631
898.865
900.219
901.694
903.29
905.008
906.85
908.815
910.907
913.126
915.474
917.953
920.565
923.312
926.196
929.219
932.383
935.691
939.144
942.746
946.498
950.404
954.47
958.705
963.124
967.75
972.62
977.793
983.355
989.429
996.18
892.107
892.238
892.497
892.882
893.392
894.024
894.777
895.652
896.646
897.761
898.996
900.351
901.827
903.425
905.144
906.987
908.955
911.048
913.269
915.619
918.1
920.713
923.462
926.347
929.37
932.535
935.842
939.294
942.893
946.641
950.542
954.601
958.828
963.236
967.849
972.704
977.861
983.404
989.459
996.191
964.735
921.337
889.294
863.453
841.65
822.736
806
790.962
777.277
764.698
753.044
742.187
732.032
722.507
713.559
705.147
697.235
689.794
682.799
676.23
670.066
664.292
658.893
653.854
649.166
644.816
640.797
637.098
633.714
630.636
627.859
625.377
623.185
621.278
619.652
618.303
617.228
616.425
615.891
615.624
976.296
937.146
905.394
879.055
856.662
837.213
820.021
804.597
790.585
777.725
765.827
754.754
744.406
734.708
725.604
717.048
709.005
701.444
694.339
687.667
681.408
675.546
670.065
664.952
660.193
655.78
651.701
647.949
644.515
641.393
638.576
636.059
633.836
631.903
630.256
628.89
627.802
626.989
626.448
626.178
981.054
946.81
917.128
891.563
869.386
849.922
832.622
817.055
802.892
789.884
777.845
766.638
756.165
746.349
737.135
728.476
720.336
712.684
705.493
698.741
692.408
686.475
680.928
675.753
670.937
666.469
662.341
658.542
655.066
651.906
649.055
646.507
644.258
642.302
640.635
639.254
638.154
637.333
636.787
636.515
983.613
953.167
925.802
901.541
880.068
860.97
843.847
828.352
814.201
801.172
789.091
777.832
767.3
757.422
748.144
739.422
731.219
723.506
716.257
709.447
703.059
697.074
691.477
686.254
681.392
676.882
672.713
668.877
665.366
662.174
659.293
656.719
654.447
652.472
650.789
649.394
648.284
647.456
646.905
646.631
985.276
957.689
932.425
909.591
889.049
870.548
853.805
838.55
824.549
811.609
799.578
788.341
777.813
767.926
758.63
749.884
741.653
733.908
726.625
719.782
713.359
707.339
701.708
696.451
691.556
687.014
682.815
678.95
675.411
672.193
669.289
666.694
664.403
662.411
660.714
659.308
658.189
657.355
656.8
656.524
986.488
961.118
937.662
916.2
896.658
878.873
862.638
847.742
833.995
821.235
809.331
798.184
787.716
777.87
768.598
759.864
751.637
743.89
736.599
729.744
723.306
717.269
711.618
706.342
701.427
696.864
692.644
688.758
685.2
681.963
679.041
676.429
674.122
672.117
670.409
668.994
667.868
667.028
666.471
666.193
987.434
963.847
941.934
921.73
903.177
886.15
870.491
856.031
842.613
830.102
818.389
807.386
797.029
787.266
778.057
769.371
761.178
753.454
746.179
739.333
732.899
726.862
721.208
715.925
711.002
706.43
702.198
698.301
694.731
691.481
688.546
685.923
683.605
681.59
679.873
678.45
677.319
676.475
675.916
675.637
988.208
966.098
945.51
926.44
908.825
892.556
877.501
863.52
850.481
838.27
826.794
815.981
805.775
796.134
787.022
778.412
770.281
762.606
755.369
748.552
742.14
736.119
730.477
725.201
720.282
715.71
711.478
707.577
704.002
700.746
697.805
695.174
692.849
690.827
689.104
687.676
686.541
685.694
685.133
684.854
988.859
968.003
948.568
930.515
913.773
898.237
883.788
870.305
857.674
845.797
834.594
824.006
813.984
804.495
795.509
787.003
778.957
771.353
764.174
757.405
751.033
745.043
739.426
734.17
729.266
724.705
720.481
716.585
713.012
709.757
706.815
704.182
701.855
699.829
698.102
696.671
695.533
694.685
694.122
693.843
989.42
969.649
951.226
934.088
918.151
903.311
889.456
876.474
864.265
852.741
841.836
831.497
821.686
812.374
803.538
795.158
787.22
779.706
772.603
765.899
759.58
753.637
748.057
742.833
737.955
733.415
729.208
725.325
721.763
718.515
715.577
712.947
710.62
708.594
706.867
705.434
704.295
703.446
702.883
702.604
989.912
971.094
953.568
937.255
922.059
907.873
894.589
882.102
870.317
859.157
848.564
838.493
828.911
819.796
811.129
802.895
795.081
787.675
780.664
774.039
767.789
761.903
756.374
751.192
746.35
741.841
737.659
733.797
730.252
727.017
724.09
721.467
719.146
717.123
715.397
713.966
712.827
711.978
711.416
711.136
990.348
972.378
955.655
940.088
925.573
912
899.26
887.252
875.887
865.095
854.822
845.029
835.69
826.786
818.303
810.23
802.556
795.271
788.367
781.834
775.664
769.849
764.38
759.251
754.454
749.984
745.835
742.002
738.48
735.265
732.354
729.743
727.431
725.415
723.694
722.265
721.128
720.28
719.719
719.44
990.739
973.529
957.531
942.642
928.754
915.753
903.528
891.981
881.027
870.599
860.648
851.14
842.053
833.37
825.083
817.182
809.659
802.508
795.722
789.292
783.213
777.478
772.079
767.012
762.269
757.846
753.738
749.94
746.448
743.258
740.368
737.775
735.476
733.47
731.756
730.333
729.199
728.353
727.793
727.515
991.093
974.57
959.229
944.959
931.649
919.18
907.441
896.335
885.779
875.709
866.079
856.857
848.026
839.572
831.488
823.768
816.407
809.399
802.74
796.423
790.445
784.798
779.478
774.48
769.799
765.43
761.369
757.613
754.157
750.998
748.134
745.562
743.281
741.288
739.585
738.169
737.04
736.197
735.639
735.362
991.415
975.517
960.775
947.073
934.294
922.321
911.041
900.354
890.181
880.46
871.145
862.21
853.636
845.414
837.539
830.007
822.814
815.957
809.432
803.236
797.365
791.815
786.581
781.66
777.047
772.739
768.732
765.022
761.608
758.485
755.651
753.105
750.845
748.87
747.18
745.773
744.651
743.813
743.257
742.982
991.709
976.383
962.19
949.009
936.722
925.21
914.36
904.072
894.266
884.882
875.877
867.223
858.907
850.919
843.255
835.915
828.895
822.194
815.81
809.742
803.985
798.537
793.395
788.557
784.018
779.776
775.828
772.171
768.802
765.72
762.922
760.406
758.171
756.216
754.542
753.147
752.034
751.201
750.648
750.374
991.979
977.179
963.49
950.789
938.957
927.874
917.428
907.517
898.062
889.003
880.298
871.922
863.86
856.105
848.655
841.508
834.664
828.124
821.886
815.949
810.311
804.972
799.927
795.176
790.716
786.545
782.661
779.061
775.743
772.706
769.947
767.465
765.259
763.328
761.672
760.292
759.188
758.362
757.813
757.541
992.228
977.912
964.688
952.43
941.019
930.336
920.268
910.714
901.593
892.847
884.434
876.328
868.516
860.992
853.754
846.802
840.137
833.76
827.67
821.869
816.354
811.126
806.183
801.524
797.148
793.052
789.236
785.697
782.433
779.444
776.728
774.283
772.109
770.205
768.57
767.207
766.115
765.297
764.753
764.483
992.458
978.588
965.794
953.947
942.926
932.614
922.9
913.683
904.881
896.435
888.303
880.46
872.893
865.597
858.569
851.812
845.326
839.113
833.174
827.51
822.122
817.009
812.171
807.608
803.318
799.301
795.555
792.081
788.876
785.939
783.268
780.864
778.724
776.849
775.239
773.894
772.816
772.007
771.469
771.201
992.671
979.215
966.818
955.351
944.692
934.726
925.343
916.443
907.944
899.784
891.923
884.336
877.008
869.935
863.116
856.551
850.243
844.195
838.408
832.884
827.624
822.628
817.898
813.432
809.232
805.297
801.626
798.218
795.074
792.191
789.57
787.208
785.106
783.263
781.679
780.355
779.293
778.494
777.962
777.697
992.869
979.796
967.767
956.652
946.33
936.686
927.612
919.011
910.798
902.912
895.312
887.971
880.877
874.022
867.407
861.033
854.902
849.018
843.384
838
832.869
827.992
823.371
819.005
814.897
811.045
807.451
804.113
801.032
798.206
795.636
793.32
791.257
789.448
787.892
786.591
785.546
784.76
784.235
783.973
993.053
980.335
968.648
957.86
947.85
938.506
929.721
921.399
913.458
905.834
898.483
891.381
884.512
877.87
871.455
865.269
859.314
853.593
848.11
842.866
837.865
833.108
828.597
824.334
820.318
816.552
813.036
809.77
806.754
803.988
801.47
799.202
797.181
795.407
793.882
792.605
791.579
790.806
790.289
790.03
993.224
980.837
969.467
958.982
949.263
940.197
931.682
923.622
915.937
908.561
901.45
894.577
887.927
881.493
875.274
869.271
863.489
857.929
852.596
847.493
842.621
837.985
833.585
829.424
825.503
821.824
818.388
815.195
812.245
809.539
807.077
804.857
802.879
801.144
799.65
798.399
797.393
796.634
796.126
795.872
993.383
981.304
970.229
960.026
950.576
941.77
933.506
925.692
918.247
911.106
904.224
897.572
891.133
884.9
878.872
873.05
867.437
862.037
856.853
851.888
847.146
842.629
838.341
834.282
830.457
826.866
823.51
820.391
817.51
814.866
812.46
810.29
808.357
806.66
805.2
803.977
802.992
802.248
801.749
801.499
993.531
981.739
970.938
960.997
951.798
943.234
935.204
927.619
920.399
913.481
906.817
900.376
894.141
888.104
882.262
876.616
871.169
865.925
860.888
856.061
851.447
847.049
842.872
838.917
835.187
831.684
828.41
825.366
822.553
819.972
817.623
815.505
813.618
811.961
810.535
809.34
808.377
807.65
807.162
806.916
993.67
982.145
971.6
961.902
952.936
944.596
936.784
929.413
922.405
915.696
909.239
903.001
896.962
891.113
885.452
879.978
874.694
869.603
864.71
860.019
855.532
851.253
847.186
843.333
839.699
836.284
833.092
830.124
827.381
824.864
822.572
820.506
818.665
817.05
815.658
814.493
813.553
812.843
812.366
812.125
993.799
982.524
972.217
962.746
953.997
945.865
938.257
931.085
924.274
917.763
911.501
905.455
899.605
893.938
888.452
883.145
878.019
873.079
868.328
863.77
859.408
855.247
851.289
847.539
844
840.674
837.564
834.671
831.998
829.545
827.311
825.298
823.505
821.93
820.575
819.439
818.523
817.831
817.365
817.13
993.921
982.878
972.793
963.534
954.986
947.048
939.629
932.643
926.017
919.69
913.612
907.75
902.079
896.588
891.27
886.125
881.155
876.362
871.749
867.322
863.084
859.038
855.189
851.54
848.096
844.858
841.83
839.013
836.41
834.021
831.846
829.886
828.14
826.607
825.288
824.183
823.292
822.617
822.163
821.933
994.034
983.211
973.333
964.271
955.91
948.153
940.909
934.096
927.643
921.488
915.584
909.894
904.394
899.071
893.916
888.928
884.108
879.458
874.982
870.683
866.565
862.634
858.892
855.344
851.994
848.843
845.897
843.156
840.623
838.298
836.182
834.275
832.576
831.086
829.803
828.728
827.862
827.205
826.763
826.54
994.141
983.523
973.84
964.962
956.776
949.186
942.105
935.453
929.16
923.167
917.425
911.898
906.561
901.397
896.398
891.562
886.887
882.376
878.032
873.859
869.861
866.042
862.406
858.957
855.699
852.636
849.771
847.105
844.642
842.381
840.324
838.47
836.819
835.371
834.124
833.08
832.238
831.6
831.171
830.953
994.242
983.817
974.317
965.611
957.589
950.155
943.225
936.722
930.579
924.736
919.146
913.772
908.587
903.576
898.726
894.035
889.501
885.125
880.91
876.859
872.978
869.269
865.737
862.386
859.22
856.243
853.458
850.867
848.473
846.276
844.277
842.476
840.873
839.466
838.256
837.242
836.425
835.806
835.389
835.178
994.338
984.095
974.768
966.224
958.354
951.066
944.277
937.913
931.907
926.204
920.755
915.525
910.484
905.616
900.909
896.357
891.957
887.712
883.622
879.691
875.923
872.321
868.892
865.637
862.562
859.67
856.965
854.448
852.122
849.989
848.048
846.299
844.743
843.378
842.204
841.221
840.428
839.828
839.423
839.217
994.428
984.36
975.197
966.805
959.079
951.926
945.268
939.032
933.155
927.581
922.264
917.167
912.261
907.529
902.956
898.536
894.266
890.146
886.176
882.361
878.704
875.208
871.878
868.718
865.732
862.925
860.298
857.854
855.596
853.525
851.641
849.945
848.435
847.111
845.973
845.019
844.251
843.669
843.276
843.077
994.515
984.613
975.605
967.359
959.768
952.743
946.207
940.09
934.331
928.877
923.681
918.708
913.928
909.323
904.877
900.582
896.435
892.435
888.582
884.879
881.329
877.936
874.704
871.636
868.738
866.013
863.463
861.092
858.901
856.891
855.064
853.418
851.954
850.671
849.567
848.643
847.899
847.335
846.954
846.761
994.599
984.856
975.998
967.89
960.427
953.522
947.1
941.094
935.445
930.101
925.017
920.159
915.496
911.009
906.681
902.506
898.476
894.59
890.849
887.253
883.807
880.513
877.376
874.399
871.586
868.941
866.467
864.167
862.042
860.093
858.321
856.725
855.306
854.062
852.993
852.097
851.376
850.83
850.461
850.274
994.68
985.092
976.378
968.403
961.062
954.27
947.955
942.052
936.504
931.262
926.282
921.529
916.975
912.597
908.381
904.316
900.396
896.619
892.984
889.492
886.145
882.947
879.902
877.013
874.284
871.718
869.318
867.087
865.026
863.136
861.418
859.871
858.496
857.29
856.254
855.387
854.688
854.159
853.802
853.62
994.759
985.321
976.747
968.901
961.677
954.994
948.779
942.973
937.519
932.371
927.486
922.83
918.375
914.098
909.985
906.023
902.207
898.532
894.998
891.604
888.353
885.248
882.291
879.487
876.839
874.349
872.021
869.857
867.859
866.027
864.361
862.862
861.529
860.361
859.357
858.516
857.839
857.326
856.98
856.805
994.837
985.546
977.11
969.389
962.279
955.699
949.58
943.864
938.498
933.436
928.638
924.071
919.706
915.523
911.504
907.638
903.919
900.34
896.9
893.6
890.44
887.423
884.551
881.829
879.258
876.843
874.585
872.486
870.548
868.771
867.157
865.703
864.411
863.278
862.305
861.49
860.834
860.337
860.001
859.831
994.913
985.769
977.468
969.87
962.871
956.391
950.364
944.733
939.448
934.465
929.747
925.261
920.979
916.881
912.949
909.172
905.541
902.051
898.701
895.488
892.414
889.481
886.691
884.046
881.55
879.206
877.015
874.978
873.099
871.376
869.809
868.4
867.146
866.048
865.104
864.313
863.677
863.195
862.869
862.704
994.99
985.99
977.824
970.348
963.458
957.075
951.136
945.585
940.377
935.468
930.823
926.41
922.204
918.183
914.33
910.634
907.085
903.678
900.409
897.279
894.285
891.431
888.718
886.148
883.723
881.446
879.318
877.342
875.517
873.845
872.325
870.957
869.741
868.674
867.757
866.99
866.372
865.904
865.588
865.428
995.066
986.212
978.18
970.825
964.043
957.756
951.901
946.428
941.291
936.45
931.872
927.527
923.389
919.437
915.656
912.033
908.559
905.228
902.036
898.981
896.063
893.282
890.641
888.14
885.782
883.569
881.502
879.582
877.809
876.185
874.709
873.38
872.198
871.162
870.271
869.524
868.923
868.468
868.161
868.005
995.143
986.434
978.536
971.303
964.629
958.436
952.665
947.265
942.196
937.419
932.903
928.618
924.542
920.653
916.937
913.38
909.973
906.711
903.588
900.603
897.754
895.042
892.468
890.032
887.736
885.583
883.572
881.704
879.98
878.401
876.965
875.673
874.522
873.514
872.647
871.92
871.335
870.892
870.592
870.441
995.22
986.657
978.895
971.784
965.218
959.119
953.429
948.101
943.096
938.379
933.919
929.69
925.669
921.837
918.178
914.681
911.335
908.135
905.075
902.153
899.368
896.718
894.205
891.829
889.591
887.492
885.533
883.714
882.036
880.497
879.099
877.839
876.718
875.735
874.89
874.181
873.61
873.177
872.885
872.737
995.298
986.882
979.256
972.268
965.81
959.805
954.195
948.938
943.995
939.334
934.926
930.748
926.777
922.995
919.388
915.943
912.652
909.507
906.503
903.638
900.91
898.317
895.86
893.538
891.353
889.304
887.392
885.617
883.979
882.478
881.113
879.884
878.789
877.829
877.002
876.309
875.751
875.328
875.042
874.898
995.376
987.107
979.619
972.755
966.405
960.494
954.965
949.776
944.893
940.285
935.927
931.794
927.868
924.131
920.57
917.172
913.928
910.832
907.878
905.064
902.386
899.844
897.436
895.163
893.025
891.021
889.151
887.416
885.815
884.347
883.012
881.809
880.737
879.797
878.987
878.309
877.761
877.346
877.066
876.924
995.454
987.333
979.982
973.242
967.002
961.185
955.736
950.616
945.791
941.234
936.921
932.831
928.945
925.248
921.727
918.369
915.167
912.114
909.204
906.434
903.801
901.303
898.939
896.709
894.612
892.647
890.815
889.114
887.545
886.106
884.797
883.617
882.566
881.643
880.847
880.18
879.642
879.235
878.96
878.82
995.532
987.558
980.344
973.728
967.598
961.875
956.506
951.453
946.685
942.178
937.908
933.857
930.008
926.346
922.859
919.538
916.372
913.355
910.483
907.751
905.156
902.696
900.371
898.177
896.116
894.185
892.384
890.713
889.171
887.757
886.47
885.31
884.276
883.367
882.584
881.927
881.397
880.995
880.724
880.586
995.609
987.781
980.701
974.209
968.187
962.559
957.27
952.285
947.573
943.113
938.884
934.869
931.053
927.423
923.967
920.676
917.541
914.555
911.715
909.015
906.453
904.025
901.731
899.569
897.537
895.635
893.861
892.215
890.695
889.302
888.033
886.889
885.868
884.972
884.198
883.55
883.026
882.629
882.361
882.225
995.684
987.998
981.051
974.68
968.766
963.232
958.023
953.104
948.448
944.034
939.845
935.864
932.078
928.476
925.047
921.781
918.672
915.713
912.898
910.225
907.689
905.288
903.02
900.883
898.876
896.997
895.245
893.618
892.117
890.74
889.486
888.354
887.344
886.457
885.692
885.049
884.53
884.137
883.871
883.737
995.757
988.209
981.39
975.136
969.328
963.886
958.756
953.904
949.303
944.934
940.783
936.834
933.076
929.499
926.092
922.848
919.761
916.823
914.03
911.378
908.863
906.483
904.236
902.119
900.131
898.269
896.534
894.923
893.435
892.071
890.827
889.705
888.704
887.824
887.064
886.426
885.911
885.52
885.256
885.123
995.827
988.41
981.713
975.572
969.867
964.514
959.462
954.675
950.128
945.804
941.689
937.771
934.038
930.483
927.096
923.871
920.801
917.88
915.103
912.468
909.969
907.606
905.374
903.272
901.297
899.449
897.726
896.126
894.649
893.293
892.058
890.942
889.947
889.071
888.315
887.681
887.168
886.779
886.517
886.384
995.892
988.599
982.017
975.983
970.374
965.108
960.131
955.407
950.913
946.633
942.553
938.664
934.956
931.42
928.051
924.841
921.784
918.876
916.112
913.489
911.002
908.65
906.429
904.337
902.372
900.533
898.818
897.226
895.755
894.405
893.174
892.063
891.072
890.199
889.446
888.813
888.302
887.914
887.652
887.52
995.953
988.773
982.299
976.363
970.845
965.66
960.754
956.091
951.648
947.41
943.364
939.502
935.816
932.299
928.944
925.747
922.701
919.803
917.048
914.433
911.954
909.609
907.394
905.309
903.35
901.516
899.806
898.218
896.751
895.404
894.176
893.067
892.077
891.206
890.454
889.822
889.312
888.925
888.664
888.532
996.008
988.932
982.554
976.708
971.272
966.162
961.322
956.716
952.322
948.123
944.11
940.274
936.608
933.107
929.765
926.578
923.541
920.649
917.9
915.29
912.816
910.475
908.264
906.181
904.225
902.394
900.685
899.099
897.633
896.287
895.06
893.952
892.962
892.091
891.34
890.708
890.198
889.811
889.55
889.419
996.056
989.072
982.78
977.014
971.652
966.609
961.829
957.275
952.925
948.763
944.78
940.967
937.32
933.833
930.502
927.323
924.292
921.405
918.66
916.052
913.579
911.239
909.029
906.947
904.991
903.16
901.451
899.864
898.398
897.051
895.824
894.715
893.725
892.854
892.102
891.47
890.96
890.573
890.313
890.181
996.098
989.193
982.975
977.277
971.979
966.995
962.267
957.759
953.448
949.319
945.362
941.571
937.94
934.465
931.143
927.97
924.943
922.059
919.315
916.708
914.235
911.894
909.683
907.6
905.642
903.809
902.099
900.51
899.042
897.694
896.465
895.355
894.364
893.492
892.74
892.107
891.597
891.21
890.95
890.818
996.133
989.293
983.137
977.497
972.252
967.316
962.632
958.162
953.884
949.783
945.848
942.075
938.457
934.992
931.677
928.509
925.484
922.601
919.857
917.249
914.775
912.432
910.219
908.133
906.173
904.337
902.624
901.033
899.562
898.212
896.981
895.87
894.877
894.005
893.251
892.619
892.109
891.722
891.462
891.33
996.161
989.373
983.264
977.67
972.467
967.569
962.919
958.48
954.227
950.147
946.229
942.469
938.862
935.404
932.094
928.928
925.905
923.022
920.277
917.667
915.19
912.845
910.629
908.54
906.577
904.738
903.022
901.428
899.955
898.603
897.37
896.257
895.264
894.39
893.637
893.004
892.494
892.108
891.848
891.717
996.18
989.429
983.355
977.793
972.62
967.75
963.124
958.705
954.47
950.404
946.498
942.746
939.144
935.691
932.383
929.219
926.196
923.312
920.565
917.953
915.474
913.126
910.907
908.815
906.85
905.008
903.29
901.694
900.219
898.865
897.631
896.517
895.522
894.648
893.895
893.262
892.753
892.367
892.107
891.976
996.191
989.459
983.404
977.861
972.704
967.849
963.236
958.828
954.601
950.542
946.641
942.893
939.294
935.842
932.535
929.37
926.347
923.462
920.713
918.1
915.619
913.269
911.048
908.955
906.987
905.144
903.425
901.827
900.351
898.996
897.761
896.646
895.652
894.777
894.024
893.392
892.882
892.497
892.238
892.107
)
;

boundaryField
{
    insulatedWall
    {
        type            zeroGradient;
    }
    electrodeHV
    {
        type            fixedValue;
        value           uniform 1000;
    }
    electrodeG
    {
        type            fixedValue;
        value           uniform 0;
    }
    frontAndBack
    {
        type            empty;
    }
}


// ************************************************************************* //
