/*--------------------------------*- C++ -*----------------------------------*\
  =========                 |
  \\      /  F ield         | OpenFOAM: The Open Source CFD Toolbox
   \\    /   O peration     | Website:  https://openfoam.org
    \\  /    A nd           | Version:  6
     \\/     M anipulation  |
\*---------------------------------------------------------------------------*/
FoamFile
{
    version     2.0;
    format      ascii;
    class       volScalarField;
    location    "70";
    object      fw;
}
// * * * * * * * * * * * * * * * * * * * * * * * * * * * * * * * * * * * * * //

dimensions      [0 0 0 0 0 0 0];

internalField   nonuniform List<scalar> 
8800
(
4.40746
4.40899
4.41154
4.41491
4.41903
4.42388
4.42944
4.43571
4.44268
4.45032
4.45861
4.46754
4.47708
4.48721
4.49789
4.50909
4.52079
4.53296
4.54556
4.55854
4.57189
4.58555
4.59948
4.61364
4.62799
4.64247
4.65702
4.67161
4.68617
4.70064
4.71497
4.72911
4.74299
4.75657
4.7698
4.7826
4.79492
4.80669
4.81785
4.82834
4.23772
4.23902
4.24134
4.24452
4.24846
4.25312
4.2585
4.26456
4.2713
4.27869
4.28673
4.29539
4.30464
4.31447
4.32484
4.33574
4.34712
4.35896
4.37123
4.38389
4.39691
4.41023
4.42384
4.43768
4.4517
4.46586
4.4801
4.49438
4.50864
4.52283
4.53688
4.55075
4.56439
4.57774
4.59074
4.60333
4.61545
4.62703
4.63801
4.64833
4.08977
4.09107
4.09331
4.09636
4.10015
4.10466
4.10986
4.11574
4.12229
4.12948
4.1373
4.14573
4.15475
4.16433
4.17446
4.1851
4.19623
4.20782
4.21983
4.23224
4.245
4.25809
4.27145
4.28506
4.29886
4.3128
4.32684
4.34092
4.35499
4.369
4.3829
4.39664
4.41016
4.4234
4.43631
4.44881
4.46086
4.47237
4.4833
4.49356
3.96125
3.96256
3.96477
3.96775
3.97144
3.97583
3.98089
3.98663
3.99301
4.00003
4.00768
4.01592
4.02476
4.03416
4.04409
4.05455
4.06549
4.0769
4.08874
4.10098
4.11359
4.12652
4.13975
4.15323
4.16691
4.18076
4.19471
4.20872
4.22273
4.2367
4.25058
4.26433
4.27787
4.29115
4.3041
4.31666
4.32877
4.34035
4.35134
4.36167
3.84975
3.85106
3.85326
3.85619
3.85982
3.86412
3.86908
3.8747
3.88096
3.88786
3.89538
3.90349
3.9122
3.92147
3.93128
3.94162
3.95246
3.96377
3.97552
3.98769
4.00024
4.01314
4.02634
4.03981
4.0535
4.06737
4.08137
4.09544
4.10954
4.12362
4.13765
4.15155
4.16527
4.17873
4.19187
4.20463
4.21693
4.2287
4.23988
4.2504
3.75303
3.75433
3.75651
3.75941
3.76299
3.76723
3.77212
3.77767
3.78385
3.79066
3.7981
3.80614
3.81478
3.82399
3.83375
3.84405
3.85487
3.86617
3.87794
3.89014
3.90274
3.91571
3.92901
3.9426
3.95643
3.97047
3.98465
3.99894
4.01328
4.02764
4.04197
4.05618
4.07021
4.084
4.09748
4.11056
4.12319
4.13528
4.14677
4.15759
3.66903
3.67031
3.67246
3.67533
3.67888
3.68308
3.68793
3.69344
3.69958
3.70637
3.71378
3.7218
3.73043
3.73966
3.74945
3.7598
3.77068
3.78207
3.79396
3.8063
3.81907
3.83223
3.84576
3.8596
3.87371
3.88805
3.90257
3.91722
3.93197
3.94677
3.96153
3.9762
3.99069
4.00495
4.01888
4.03242
4.0455
4.05803
4.06994
4.08115
3.5959
3.59714
3.59926
3.6021
3.60563
3.60982
3.61466
3.62016
3.62632
3.63312
3.64056
3.64863
3.65733
3.66663
3.67654
3.68702
3.69806
3.70965
3.72175
3.73434
3.7474
3.76088
3.77475
3.78898
3.80351
3.8183
3.8333
3.84847
3.86377
3.87913
3.89448
3.90973
3.92482
3.93966
3.95417
3.96829
3.98192
3.99498
4.00741
4.01912
3.53203
3.53322
3.53529
3.53811
3.54163
3.54582
3.55069
3.55622
3.56243
3.5693
3.57682
3.58501
3.59384
3.6033
3.61339
3.6241
3.63539
3.64726
3.65969
3.67264
3.6861
3.70002
3.71436
3.72909
3.74417
3.75954
3.77516
3.79099
3.80697
3.82303
3.83907
3.85503
3.87082
3.88636
3.90156
3.91634
3.93062
3.94432
3.95734
3.96962
3.47599
3.47713
3.47916
3.48195
3.48547
3.48969
3.49461
3.50021
3.50651
3.51349
3.52116
3.52951
3.53854
3.54824
3.55859
3.5696
3.58124
3.59349
3.60633
3.61975
3.6337
3.64817
3.6631
3.67846
3.6942
3.71027
3.72663
3.74324
3.76001
3.77686
3.79372
3.81048
3.82708
3.84341
3.85939
3.87494
3.88995
3.90435
3.91804
3.93095
3.42656
3.42765
3.42963
3.43241
3.43595
3.44021
3.4452
3.45091
3.45733
3.46448
3.47234
3.48092
3.49021
3.5002
3.51089
3.52228
3.53433
3.54705
3.5604
3.57436
3.58892
3.60402
3.61964
3.63572
3.65224
3.66912
3.68633
3.70381
3.72147
3.73922
3.75698
3.77465
3.79214
3.80935
3.82619
3.84257
3.85839
3.87356
3.88799
3.90159
3.3827
3.38373
3.38567
3.38845
3.39201
3.39634
3.40143
3.40727
3.41386
3.42121
3.4293
3.43816
3.44776
3.45811
3.4692
3.48103
3.49357
3.50682
3.52076
3.53535
3.55059
3.56642
3.58281
3.59971
3.61708
3.63487
3.65302
3.67146
3.69009
3.70883
3.72757
3.74622
3.76469
3.78286
3.80063
3.81792
3.83461
3.85061
3.86583
3.88018
3.34351
3.34448
3.34639
3.34917
3.35278
3.35719
3.36239
3.36839
3.37518
3.38276
3.39114
3.40031
3.41027
3.42103
3.43257
3.44489
3.45799
3.47184
3.48642
3.50172
3.5177
3.53432
3.55156
3.56936
3.58767
3.60644
3.6256
3.64507
3.66476
3.68456
3.70437
3.72408
3.74359
3.7628
3.78158
3.79984
3.81747
3.83437
3.85044
3.86559
3.30821
3.30914
3.31102
3.31381
3.31747
3.32198
3.32732
3.3335
3.34051
3.34836
3.35705
3.36657
3.37693
3.38814
3.40018
3.41304
3.42673
3.44123
3.45652
3.47257
3.48935
3.50684
3.52499
3.54375
3.56307
3.58288
3.60313
3.6237
3.64451
3.66544
3.68639
3.70725
3.72788
3.74819
3.76805
3.78736
3.806
3.82387
3.84085
3.85687
3.27615
3.27705
3.27891
3.28172
3.28545
3.29006
3.29556
3.30194
3.30919
3.31733
3.32635
3.33625
3.34705
3.35873
3.3713
3.38475
3.39908
3.41426
3.43029
3.44714
3.46479
3.48319
3.5023
3.52207
3.54246
3.56338
3.58477
3.60651
3.62851
3.65065
3.67282
3.69488
3.71673
3.73822
3.75925
3.77968
3.79941
3.81832
3.8363
3.85325
3.24677
3.24764
3.2495
3.25233
3.25613
3.26087
3.26653
3.27312
3.28064
3.28908
3.29845
3.30876
3.32001
3.33219
3.34532
3.35938
3.37437
3.39028
3.40709
3.42478
3.44332
3.46267
3.48279
3.50363
3.52513
3.54722
3.56981
3.5928
3.61606
3.63948
3.66294
3.68631
3.70945
3.73222
3.7545
3.77616
3.79707
3.81711
3.83617
3.85413
3.21957
3.22043
3.22229
3.22517
3.22905
3.23391
3.23975
3.24656
3.25435
3.26311
3.27285
3.28357
3.29529
3.30799
3.3217
3.33639
3.35207
3.36872
3.38634
3.40489
3.42436
3.4447
3.46588
3.48783
3.51049
3.53381
3.55766
3.58195
3.60655
3.63135
3.65619
3.68095
3.70548
3.72963
3.75328
3.77627
3.79847
3.81976
3.84
3.85908
3.19416
3.19501
3.19688
3.1998
3.20377
3.20877
3.21479
3.22183
3.22989
3.23898
3.24909
3.26024
3.27243
3.28567
3.29996
3.3153
3.33168
3.3491
3.36754
3.38699
3.40741
3.42877
3.45104
3.47414
3.49803
3.52262
3.54781
3.57348
3.5995
3.62575
3.65208
3.67834
3.70437
3.73003
3.75516
3.77961
3.80324
3.82591
3.84747
3.86779
3.17017
3.17102
3.17291
3.17589
3.17994
3.18508
3.19128
3.19855
3.20689
3.21631
3.2268
3.23838
3.25105
3.26483
3.27971
3.2957
3.31279
3.33099
3.35027
3.37063
3.39203
3.41445
3.43784
3.46215
3.48731
3.51323
3.53982
3.56694
3.59448
3.62229
3.65021
3.67809
3.70577
3.73307
3.75984
3.78591
3.81113
3.83533
3.85836
3.88006
3.14728
3.14815
3.15007
3.1531
3.15725
3.16253
3.16892
3.17642
3.18503
3.19477
3.20564
3.21765
3.2308
3.24511
3.26059
3.27723
3.29505
3.31403
3.33417
3.35545
3.37786
3.40136
3.4259
3.45145
3.47794
3.50526
3.53332
3.56199
3.59114
3.62062
3.65027
3.67992
3.70939
3.73851
3.7671
3.79497
3.82197
3.84789
3.87258
3.89586
3.12525
3.12613
3.12809
3.13118
3.13543
3.14084
3.14741
3.15514
3.16403
3.17409
3.18533
3.19775
3.21139
3.22623
3.2423
3.25959
3.27813
3.2979
3.3189
3.34112
3.36455
3.38916
3.4149
3.44174
3.46959
3.49838
3.528
3.55831
3.58919
3.62047
3.65199
3.68357
3.71503
3.74616
3.77678
3.80669
3.83569
3.86358
3.89015
3.91521
3.10383
3.10474
3.10673
3.10989
3.11424
3.11979
3.12654
3.13448
3.14364
3.15401
3.16561
3.17845
3.19255
3.20792
3.22457
3.24251
3.26176
3.28232
3.30419
3.32736
3.35183
3.37756
3.40454
3.4327
3.46199
3.49232
3.52358
3.55564
3.58837
3.62161
3.65517
3.68887
3.72252
3.7559
3.78881
3.82103
3.85232
3.88245
3.91118
3.93828
3.08284
3.08377
3.08581
3.08904
3.09349
3.09917
3.10608
3.11424
3.12365
3.13433
3.14628
3.15952
3.17407
3.18995
3.20717
3.22576
3.24572
3.26706
3.28979
3.31392
3.33944
3.36632
3.39456
3.4241
3.45488
3.48681
3.51981
3.55374
3.58846
3.62382
3.65962
3.69567
3.73177
3.76769
3.80319
3.83804
3.87196
3.90468
3.93591
3.96536
3.0621
3.06306
3.06515
3.06844
3.07299
3.0788
3.08587
3.09424
3.10389
3.11485
3.12714
3.14076
3.15575
3.17213
3.18991
3.20912
3.22978
3.2519
3.27549
3.30058
3.32715
3.35521
3.38473
3.41568
3.44801
3.48164
3.51647
3.55239
3.58926
3.62692
3.66519
3.70385
3.74269
3.78148
3.81996
3.85784
3.89481
3.93054
3.96468
3.99687
3.04147
3.04246
3.04459
3.04796
3.0526
3.05853
3.06576
3.07431
3.0842
3.09543
3.10803
3.12203
3.13744
3.15429
3.17261
3.19242
3.21376
3.23664
3.26109
3.28713
3.31477
3.34401
3.37485
3.40725
3.44118
3.47657
3.51335
3.5514
3.59059
3.63076
3.67173
3.71331
3.75525
3.79732
3.83922
3.88063
3.92117
3.96044
3.99799
4.03339
3.02082
3.02184
3.02403
3.02746
3.03219
3.03823
3.04561
3.05434
3.06444
3.07593
3.08883
3.10316
3.11897
3.13627
3.15511
3.17551
3.19751
3.22113
3.24643
3.27341
3.30211
3.33254
3.3647
3.39859
3.43418
3.47141
3.51023
3.55055
3.59224
3.63515
3.67912
3.72395
3.76941
3.81524
3.86112
3.90667
3.95143
3.9949
4.03651
4.0757
3.00006
3.00111
3.00334
3.00684
3.01165
3.0178
3.02531
3.0342
3.0445
3.05622
3.06939
3.08405
3.10023
3.11796
3.13729
3.15824
3.18087
3.20522
3.23133
3.25924
3.28899
3.32061
3.35412
3.38951
3.4268
3.46595
3.50691
3.54963
3.59401
3.63991
3.6872
3.73568
3.78515
3.83533
3.88586
3.93631
3.98611
4.03462
4.0811
4.12483
2.97909
2.98017
2.98245
2.98601
2.9909
2.99714
3.00477
3.01381
3.02428
3.03622
3.04964
3.06459
3.08111
3.09924
3.11902
3.14051
3.16374
3.18878
3.21568
3.24449
3.27527
3.30806
3.3429
3.37982
3.41883
3.45995
3.50316
3.54842
3.59567
3.64483
3.69578
3.74838
3.80242
3.85765
3.91369
3.96999
4.02588
4.08051
4.13292
4.18215
2.95784
2.95895
2.96127
2.96489
2.96985
2.97618
2.98391
2.99308
3.00371
3.01583
3.02948
3.0447
3.06153
3.08002
3.10022
3.1222
3.146
3.17169
3.19934
3.22902
3.2608
3.29473
3.33088
3.36931
3.41007
3.4532
3.49872
3.54665
3.59697
3.64966
3.70465
3.76186
3.82116
3.88229
3.94486
4.00824
4.07157
4.13375
4.19348
4.24947
2.93625
2.93739
2.93976
2.94342
2.94844
2.95484
2.96267
2.97195
2.98271
2.995
3.00884
3.0243
3.04141
3.06022
3.08081
3.10323
3.12755
3.15385
3.18221
3.21271
3.24542
3.28045
3.31787
3.35779
3.40028
3.44544
3.49333
3.54403
3.59759
3.65407
3.7135
3.7759
3.84122
3.90927
3.97965
4.05166
4.1242
4.19582
4.26476
4.32921
2.91429
2.91544
2.91785
2.92156
2.92663
2.93309
2.94099
2.95036
2.96124
2.97366
2.98768
3.00333
3.02068
3.03979
3.06072
3.08354
3.10833
3.13518
3.16419
3.19543
3.22902
3.26508
3.30371
3.34506
3.38924
3.4364
3.48668
3.54021
3.59716
3.65768
3.72195
3.79015
3.86235
3.93853
4.01831
4.10092
4.18501
4.26864
4.34939
4.42463
2.8919
2.89308
2.89551
2.89926
2.90437
2.91088
2.91884
2.92828
2.93925
2.95179
2.96594
2.98176
2.99932
3.01867
3.03989
3.06306
3.08827
3.11561
3.14518
3.17709
3.21148
3.24847
3.28822
3.33091
3.3767
3.4258
3.47842
3.5348
3.59522
3.65999
3.72949
3.8041
3.88416
3.96985
4.06096
4.15669
4.25544
4.35463
4.45089
4.54016
2.86907
2.87027
2.87273
2.8765
2.88164
2.88819
2.89619
2.90569
2.91672
2.92934
2.94361
2.95957
2.97729
2.99684
3.01831
3.04177
3.06733
3.09507
3.12512
3.1576
3.19267
3.23049
3.27124
3.31514
3.36241
3.41333
3.4682
3.52736
3.59126
3.66041
3.73544
3.81706
3.90598
4.00276
4.10751
4.21957
4.33713
4.4569
4.57397
4.68201
2.84579
2.847
2.84947
2.85327
2.85843
2.865
2.87303
2.88256
2.89364
2.90632
2.92066
2.93673
2.95458
2.97429
2.99595
3.01964
3.04546
3.07351
3.10394
3.13688
3.1725
3.211
3.25259
3.29753
3.34611
3.39866
3.45559
3.51739
3.58468
3.65821
3.73897
3.82809
3.92684
4.03638
4.15744
4.28982
4.43175
4.57919
4.72496
4.85917
2.82204
2.82325
2.82574
2.82955
2.83472
2.8413
2.84934
2.85889
2.86999
2.88272
2.89711
2.91324
2.93119
2.95101
2.9728
2.99664
3.02263
3.0509
3.08159
3.11485
3.15088
3.18989
3.23213
3.2779
3.32754
3.38147
3.44019
3.50436
3.57478
3.65254
3.73902
3.83593
3.9453
4.06923
4.20953
4.36702
4.54064
4.72577
4.91253
5.08529
2.79782
2.79904
2.80154
2.80534
2.81051
2.81709
2.82513
2.83468
2.8458
2.85854
2.87296
2.88914
2.90713
2.927
2.94885
2.97275
2.99883
3.02721
3.05803
3.09147
3.12774
3.16706
3.20973
3.25606
3.30647
3.36144
3.42159
3.48772
3.56087
3.64245
3.73435
3.83899
3.9594
4.09902
4.2614
4.44942
4.66392
4.90097
5.14854
5.38184
2.77314
2.77437
2.77686
2.78067
2.78583
2.7924
2.80042
2.80997
2.82108
2.83382
2.84824
2.86442
2.8824
2.90227
2.9241
2.94799
2.97405
3.00242
3.03324
3.0667
3.10301
3.14243
3.18526
3.23187
3.28269
3.3383
3.39941
3.46695
3.54221
3.62696
3.72359
3.83538
3.96656
4.12239
4.30898
4.53278
4.79884
5.1077
5.44802
5.78446
2.74802
2.74925
2.75174
2.75553
2.76067
2.76722
2.77523
2.78476
2.79585
2.80857
2.82297
2.8391
2.85703
2.87682
2.89857
2.92235
2.9483
2.97653
3.00721
3.04051
3.07667
3.11595
3.15866
3.20521
3.25606
3.31184
3.37333
3.44161
3.51817
3.60509
3.70533
3.82299
3.96367
4.1348
4.34597
4.60901
4.93725
5.34291
5.82666
6.35448
2.72248
2.7237
2.72618
2.72995
2.73508
2.7416
2.74959
2.75908
2.77015
2.78282
2.79715
2.8132
2.83102
2.85068
2.87227
2.89586
2.92158
2.94955
2.97993
3.01291
3.0487
3.08759
3.1299
3.17603
3.22649
3.28191
3.34315
3.41138
3.48824
3.57607
3.6783
3.79977
3.94738
4.13078
4.36351
4.66448
5.06073
5.58867
6.29029
7.19206
2.69653
2.69775
2.70021
2.70397
2.70907
2.71557
2.72352
2.73298
2.74399
2.75659
2.77082
2.78675
2.80441
2.82388
2.84523
2.86854
2.89392
2.9215
2.95143
2.9839
3.01913
3.05738
3.09899
3.14435
3.19397
3.2485
3.30882
3.37613
3.45216
3.53943
3.64162
3.7641
3.91468
4.10469
4.35095
4.6796
5.1349
5.79516
6.80536
8.42947
4.83809
4.84705
4.85516
4.86236
4.86862
4.8739
4.87816
4.88137
4.88353
4.88461
4.88461
4.88353
4.88137
4.87816
4.8739
4.86862
4.86236
4.85516
4.84705
4.83809
4.65793
4.66675
4.67473
4.68183
4.68799
4.69319
4.69738
4.70055
4.70267
4.70373
4.70373
4.70267
4.70055
4.69738
4.69319
4.68799
4.68183
4.67473
4.66675
4.65793
4.50312
4.51189
4.51984
4.52691
4.53305
4.53823
4.5424
4.54556
4.54767
4.54873
4.54873
4.54767
4.54556
4.5424
4.53823
4.53305
4.52691
4.51984
4.51189
4.50312
4.37129
4.38013
4.38814
4.39526
4.40145
4.40667
4.41088
4.41406
4.41619
4.41726
4.41726
4.41619
4.41406
4.41088
4.40667
4.40145
4.39526
4.38814
4.38013
4.37129
4.26019
4.2692
4.27736
4.28463
4.29094
4.29626
4.30056
4.30381
4.30598
4.30707
4.30707
4.30598
4.30381
4.30056
4.29626
4.29094
4.28463
4.27736
4.2692
4.26019
4.16766
4.17693
4.18534
4.19282
4.19932
4.20481
4.20924
4.21259
4.21484
4.21596
4.21596
4.21484
4.21259
4.20924
4.20481
4.19932
4.19282
4.18534
4.17693
4.16766
4.09161
4.10123
4.10995
4.11772
4.12448
4.13019
4.1348
4.13828
4.14061
4.14178
4.14178
4.14061
4.13828
4.1348
4.13019
4.12448
4.11772
4.10995
4.10123
4.09161
4.03003
4.04008
4.0492
4.05732
4.06439
4.07035
4.07518
4.07882
4.08127
4.08249
4.08249
4.08127
4.07882
4.07518
4.07035
4.06439
4.05732
4.0492
4.04008
4.03003
3.98107
3.99161
4.00118
4.0097
4.01712
4.02339
4.02846
4.03229
4.03486
4.03615
4.03615
4.03486
4.03229
4.02846
4.02339
4.01712
4.0097
4.00118
3.99161
3.98107
3.94299
3.95408
3.96415
3.97313
3.98094
3.98754
3.99288
3.99692
3.99963
4.00099
4.00099
3.99963
3.99692
3.99288
3.98754
3.98094
3.97313
3.96415
3.95408
3.94299
3.91427
3.92596
3.93657
3.94604
3.95428
3.96124
3.96687
3.97113
3.97399
3.97542
3.97542
3.97399
3.97113
3.96687
3.96124
3.95428
3.94604
3.93657
3.92596
3.91427
3.89356
3.90589
3.91709
3.92708
3.93577
3.94312
3.94907
3.95357
3.95658
3.9581
3.9581
3.95658
3.95357
3.94907
3.94312
3.93577
3.92708
3.91709
3.90589
3.89356
3.87972
3.89274
3.90456
3.91511
3.92429
3.93205
3.93833
3.94308
3.94627
3.94787
3.94787
3.94627
3.94308
3.93833
3.93205
3.92429
3.91511
3.90456
3.89274
3.87972
3.8718
3.88556
3.89806
3.9092
3.9189
3.9271
3.93374
3.93876
3.94212
3.94381
3.94381
3.94212
3.93876
3.93374
3.9271
3.9189
3.9092
3.89806
3.88556
3.8718
3.86905
3.88361
3.89683
3.90861
3.91888
3.92755
3.93456
3.93987
3.94342
3.94521
3.94521
3.94342
3.93987
3.93456
3.92755
3.91888
3.90861
3.89683
3.88361
3.86905
3.87088
3.88631
3.90032
3.9128
3.92367
3.93285
3.94027
3.94588
3.94964
3.95153
3.95153
3.94964
3.94588
3.94027
3.93285
3.92367
3.9128
3.90032
3.88631
3.87088
3.87687
3.89326
3.90812
3.92137
3.9329
3.94262
3.95049
3.95643
3.96041
3.96241
3.96241
3.96041
3.95643
3.95049
3.94262
3.9329
3.92137
3.90812
3.89326
3.87687
3.88673
3.90417
3.91999
3.93408
3.94633
3.95666
3.965
3.9713
3.97552
3.97763
3.97763
3.97552
3.9713
3.965
3.95666
3.94633
3.93408
3.91999
3.90417
3.88673
3.9003
3.91893
3.9358
3.95082
3.96386
3.97485
3.98371
3.9904
3.99488
3.99712
3.99712
3.99488
3.9904
3.98371
3.97485
3.96386
3.95082
3.9358
3.91893
3.9003
3.91755
3.9375
3.95557
3.97161
3.98554
3.99725
4.00668
4.01379
4.01854
4.02093
4.02093
4.01854
4.01379
4.00668
3.99725
3.98554
3.97161
3.95557
3.9375
3.91755
3.93855
3.96001
3.97941
3.99661
4.0115
4.02401
4.03406
4.04163
4.04668
4.04921
4.04921
4.04668
4.04163
4.03406
4.02401
4.0115
3.99661
3.97941
3.96001
3.93855
3.96352
3.98668
4.00758
4.02607
4.04204
4.05541
4.06614
4.07419
4.07956
4.08224
4.08224
4.07956
4.07419
4.06614
4.05541
4.04204
4.02607
4.00758
3.98668
3.96352
3.99277
4.01788
4.04048
4.06042
4.07757
4.09189
4.10333
4.1119
4.11761
4.12045
4.12045
4.11761
4.1119
4.10333
4.09189
4.07757
4.06042
4.04048
4.01788
3.99277
4.02679
4.05413
4.07866
4.10021
4.11867
4.13401
4.14622
4.15533
4.16138
4.16439
4.16439
4.16138
4.15533
4.14622
4.13401
4.11867
4.10021
4.07866
4.05413
4.02679
4.06623
4.09614
4.12286
4.1462
4.1661
4.18252
4.19552
4.20517
4.21155
4.21472
4.21472
4.21155
4.20517
4.19552
4.18252
4.1661
4.1462
4.12286
4.09614
4.06623
4.11196
4.14485
4.17406
4.19941
4.22082
4.23835
4.2521
4.26224
4.26891
4.27222
4.27222
4.26891
4.26224
4.2521
4.23835
4.22082
4.19941
4.17406
4.14485
4.11196
4.16515
4.20151
4.23355
4.26106
4.28403
4.30262
4.31705
4.32758
4.33446
4.33785
4.33785
4.33446
4.32758
4.31705
4.30262
4.28403
4.26106
4.23355
4.20151
4.16515
4.22732
4.26775
4.30295
4.33275
4.35725
4.37676
4.39168
4.40243
4.40937
4.41278
4.41278
4.40937
4.40243
4.39168
4.37676
4.35725
4.33275
4.30295
4.26775
4.22732
4.30052
4.34569
4.38439
4.41652
4.44238
4.46251
4.47758
4.48824
4.49502
4.49831
4.49831
4.49502
4.48824
4.47758
4.46251
4.44238
4.41652
4.38439
4.34569
4.30052
4.38746
4.43816
4.48064
4.51498
4.54179
4.562
4.57665
4.58671
4.59295
4.59594
4.59594
4.59295
4.58671
4.57665
4.562
4.54179
4.51498
4.48064
4.43816
4.38746
4.49176
4.54892
4.59536
4.63147
4.65842
4.67775
4.69105
4.69973
4.70489
4.70728
4.70728
4.70489
4.69973
4.69105
4.67775
4.65842
4.63147
4.59536
4.54892
4.49176
4.61847
4.68315
4.7334
4.77025
4.79584
4.81269
4.82318
4.82931
4.83259
4.83398
4.83398
4.83259
4.82931
4.82318
4.81269
4.79584
4.77025
4.7334
4.68315
4.61847
4.77477
4.84806
4.90124
4.93668
4.95825
4.97
4.97547
4.97739
4.97768
4.97754
4.97754
4.97768
4.97739
4.97547
4.97
4.95825
4.93668
4.90124
4.84806
4.77477
4.97128
5.05405
5.10762
5.13736
5.15031
5.15293
5.15019
5.14562
5.14147
5.13909
5.13909
5.14147
5.14562
5.15019
5.15293
5.15031
5.13736
5.10762
5.05405
4.97128
5.22467
5.31657
5.36428
5.38009
5.37679
5.3642
5.34889
5.3349
5.32457
5.31914
5.31914
5.32457
5.3349
5.34889
5.3642
5.37679
5.38009
5.36428
5.31657
5.22467
5.56329
5.65967
5.6868
5.67325
5.64144
5.60512
5.57174
5.545
5.52661
5.51729
5.51729
5.52661
5.545
5.57174
5.60512
5.64144
5.67325
5.6868
5.65967
5.56329
6.04223
6.12278
6.09457
6.02349
5.9449
5.87412
5.81669
5.77399
5.74593
5.73206
5.73206
5.74593
5.77399
5.81669
5.87412
5.9449
6.02349
6.09457
6.12278
6.04223
6.79018
6.77105
6.60569
6.42961
6.28074
6.16472
6.07858
6.01805
5.97963
5.96099
5.96099
5.97963
6.01805
6.07858
6.16472
6.28074
6.42961
6.60569
6.77105
6.79018
8.19126
7.69549
7.21353
6.8688
6.62986
6.46387
6.34898
6.2717
6.22393
6.20108
6.20108
6.22393
6.2717
6.34898
6.46387
6.62986
6.8688
7.21353
7.69549
8.19126
11.819
8.87271
7.81388
7.27598
6.95707
6.75278
6.61766
6.52914
6.47524
6.44968
6.44968
6.47524
6.52914
6.61766
6.75278
6.95707
7.27598
7.81388
8.87271
11.819
4.82834
4.81785
4.80669
4.79492
4.7826
4.7698
4.75657
4.74299
4.72911
4.71497
4.70064
4.68617
4.67161
4.65702
4.64247
4.62799
4.61364
4.59948
4.58555
4.57189
4.55854
4.54556
4.53296
4.52079
4.50909
4.49789
4.48721
4.47708
4.46754
4.45861
4.45032
4.44268
4.43571
4.42944
4.42388
4.41903
4.41491
4.41154
4.40899
4.40746
4.64833
4.63801
4.62703
4.61545
4.60333
4.59074
4.57774
4.56439
4.55075
4.53688
4.52283
4.50864
4.49438
4.4801
4.46586
4.4517
4.43768
4.42384
4.41023
4.39691
4.38389
4.37123
4.35896
4.34712
4.33574
4.32484
4.31447
4.30464
4.29539
4.28673
4.27869
4.2713
4.26456
4.2585
4.25312
4.24846
4.24452
4.24134
4.23902
4.23772
4.49356
4.4833
4.47237
4.46086
4.44881
4.43631
4.4234
4.41016
4.39664
4.3829
4.369
4.35499
4.34092
4.32684
4.3128
4.29886
4.28506
4.27145
4.25809
4.245
4.23224
4.21983
4.20782
4.19623
4.1851
4.17446
4.16433
4.15475
4.14573
4.1373
4.12948
4.12229
4.11574
4.10986
4.10466
4.10015
4.09636
4.09331
4.09107
4.08977
4.36167
4.35134
4.34035
4.32877
4.31666
4.3041
4.29115
4.27787
4.26433
4.25058
4.2367
4.22273
4.20872
4.19471
4.18076
4.16691
4.15323
4.13975
4.12652
4.11359
4.10098
4.08874
4.0769
4.06549
4.05455
4.04409
4.03416
4.02476
4.01592
4.00768
4.00003
3.99301
3.98663
3.98089
3.97583
3.97144
3.96775
3.96477
3.96256
3.96125
4.2504
4.23988
4.2287
4.21693
4.20463
4.19187
4.17873
4.16527
4.15155
4.13765
4.12362
4.10954
4.09544
4.08137
4.06737
4.0535
4.03981
4.02634
4.01314
4.00024
3.98769
3.97552
3.96377
3.95246
3.94162
3.93128
3.92147
3.9122
3.90349
3.89538
3.88786
3.88096
3.8747
3.86908
3.86412
3.85982
3.85619
3.85326
3.85106
3.84975
4.15759
4.14677
4.13528
4.12319
4.11056
4.09748
4.084
4.07021
4.05618
4.04197
4.02764
4.01328
3.99894
3.98465
3.97047
3.95643
3.9426
3.92901
3.91571
3.90274
3.89014
3.87794
3.86617
3.85487
3.84405
3.83375
3.82399
3.81478
3.80614
3.7981
3.79066
3.78385
3.77767
3.77212
3.76723
3.76299
3.75941
3.75651
3.75433
3.75303
4.08115
4.06994
4.05803
4.0455
4.03242
4.01888
4.00495
3.99069
3.9762
3.96153
3.94677
3.93197
3.91722
3.90257
3.88805
3.87371
3.8596
3.84576
3.83223
3.81907
3.8063
3.79396
3.78207
3.77068
3.7598
3.74945
3.73966
3.73043
3.7218
3.71378
3.70637
3.69958
3.69344
3.68793
3.68308
3.67888
3.67533
3.67246
3.67031
3.66903
4.01912
4.00741
3.99498
3.98192
3.96829
3.95417
3.93966
3.92482
3.90973
3.89448
3.87913
3.86377
3.84847
3.8333
3.8183
3.80351
3.78898
3.77475
3.76088
3.7474
3.73434
3.72175
3.70965
3.69806
3.68702
3.67654
3.66663
3.65733
3.64863
3.64056
3.63312
3.62632
3.62016
3.61466
3.60982
3.60563
3.6021
3.59926
3.59714
3.5959
3.96962
3.95734
3.94432
3.93062
3.91634
3.90156
3.88636
3.87082
3.85503
3.83907
3.82303
3.80697
3.79099
3.77516
3.75954
3.74417
3.72909
3.71436
3.70002
3.6861
3.67264
3.65969
3.64726
3.63539
3.6241
3.61339
3.6033
3.59384
3.58501
3.57682
3.5693
3.56243
3.55622
3.55069
3.54582
3.54163
3.53811
3.53529
3.53322
3.53203
3.93095
3.91804
3.90435
3.88995
3.87494
3.85939
3.84341
3.82708
3.81048
3.79372
3.77686
3.76001
3.74324
3.72663
3.71027
3.6942
3.67846
3.6631
3.64817
3.6337
3.61975
3.60633
3.59349
3.58124
3.5696
3.55859
3.54824
3.53854
3.52951
3.52116
3.51349
3.50651
3.50021
3.49461
3.48969
3.48547
3.48195
3.47916
3.47713
3.47599
3.90159
3.88799
3.87356
3.85839
3.84257
3.82619
3.80935
3.79214
3.77465
3.75698
3.73922
3.72147
3.70381
3.68633
3.66912
3.65224
3.63572
3.61964
3.60402
3.58892
3.57436
3.5604
3.54705
3.53433
3.52228
3.51089
3.5002
3.49021
3.48092
3.47234
3.46448
3.45733
3.45091
3.4452
3.44021
3.43595
3.43241
3.42963
3.42765
3.42656
3.88018
3.86583
3.85061
3.83461
3.81792
3.80063
3.78286
3.76469
3.74622
3.72757
3.70883
3.69009
3.67146
3.65302
3.63487
3.61708
3.59971
3.58281
3.56642
3.55059
3.53535
3.52076
3.50682
3.49357
3.48103
3.4692
3.45811
3.44776
3.43816
3.4293
3.42121
3.41386
3.40727
3.40143
3.39634
3.39201
3.38845
3.38567
3.38373
3.3827
3.86559
3.85044
3.83437
3.81747
3.79984
3.78158
3.7628
3.74359
3.72408
3.70437
3.68456
3.66476
3.64507
3.6256
3.60644
3.58767
3.56936
3.55156
3.53432
3.5177
3.50172
3.48642
3.47184
3.45799
3.44489
3.43257
3.42103
3.41027
3.40031
3.39114
3.38276
3.37518
3.36839
3.36239
3.35719
3.35278
3.34917
3.34639
3.34448
3.34351
3.85687
3.84085
3.82387
3.806
3.78736
3.76805
3.74819
3.72788
3.70725
3.68639
3.66544
3.64451
3.6237
3.60313
3.58288
3.56307
3.54375
3.52499
3.50684
3.48935
3.47257
3.45652
3.44123
3.42673
3.41304
3.40018
3.38814
3.37693
3.36657
3.35705
3.34836
3.34051
3.3335
3.32732
3.32198
3.31747
3.31381
3.31102
3.30914
3.30821
3.85325
3.8363
3.81832
3.79941
3.77968
3.75925
3.73822
3.71673
3.69488
3.67282
3.65065
3.62851
3.60651
3.58477
3.56338
3.54246
3.52207
3.5023
3.48319
3.46479
3.44714
3.43029
3.41426
3.39908
3.38475
3.3713
3.35873
3.34705
3.33625
3.32635
3.31733
3.30919
3.30194
3.29556
3.29006
3.28545
3.28172
3.27891
3.27705
3.27615
3.85413
3.83617
3.81711
3.79707
3.77616
3.7545
3.73222
3.70945
3.68631
3.66294
3.63948
3.61606
3.5928
3.56981
3.54722
3.52513
3.50363
3.48279
3.46267
3.44332
3.42478
3.40709
3.39028
3.37437
3.35938
3.34532
3.33219
3.32001
3.30876
3.29845
3.28908
3.28064
3.27312
3.26653
3.26087
3.25613
3.25233
3.2495
3.24764
3.24677
3.85908
3.84
3.81976
3.79847
3.77627
3.75328
3.72963
3.70548
3.68095
3.65619
3.63135
3.60655
3.58195
3.55766
3.53381
3.51049
3.48783
3.46588
3.4447
3.42436
3.40489
3.38634
3.36872
3.35207
3.33639
3.3217
3.30799
3.29529
3.28357
3.27285
3.26311
3.25435
3.24656
3.23975
3.23391
3.22905
3.22517
3.22229
3.22043
3.21957
3.86779
3.84747
3.82591
3.80324
3.77961
3.75516
3.73003
3.70437
3.67834
3.65208
3.62575
3.5995
3.57348
3.54781
3.52262
3.49803
3.47414
3.45104
3.42877
3.40741
3.38699
3.36754
3.3491
3.33168
3.3153
3.29996
3.28567
3.27243
3.26024
3.24909
3.23898
3.22989
3.22183
3.21479
3.20877
3.20377
3.1998
3.19688
3.19501
3.19416
3.88006
3.85836
3.83533
3.81113
3.78591
3.75984
3.73307
3.70577
3.67809
3.65021
3.62229
3.59448
3.56694
3.53982
3.51323
3.48731
3.46215
3.43784
3.41445
3.39203
3.37063
3.35027
3.33099
3.31279
3.2957
3.27971
3.26483
3.25105
3.23838
3.2268
3.21631
3.20689
3.19855
3.19128
3.18508
3.17994
3.17589
3.17291
3.17102
3.17017
3.89586
3.87258
3.84789
3.82197
3.79497
3.7671
3.73851
3.70939
3.67992
3.65027
3.62062
3.59114
3.56199
3.53332
3.50526
3.47794
3.45145
3.4259
3.40136
3.37786
3.35545
3.33417
3.31403
3.29505
3.27723
3.26059
3.24511
3.2308
3.21765
3.20564
3.19477
3.18503
3.17642
3.16892
3.16253
3.15725
3.1531
3.15007
3.14815
3.14728
3.91521
3.89015
3.86358
3.83569
3.80669
3.77678
3.74616
3.71503
3.68357
3.65199
3.62047
3.58919
3.55831
3.528
3.49838
3.46959
3.44174
3.4149
3.38916
3.36455
3.34112
3.3189
3.2979
3.27813
3.25959
3.2423
3.22623
3.21139
3.19775
3.18533
3.17409
3.16403
3.15514
3.14741
3.14084
3.13543
3.13118
3.12809
3.12613
3.12525
3.93828
3.91118
3.88245
3.85232
3.82103
3.78881
3.7559
3.72252
3.68887
3.65517
3.62161
3.58837
3.55564
3.52358
3.49232
3.46199
3.4327
3.40454
3.37756
3.35183
3.32736
3.30419
3.28232
3.26176
3.24251
3.22457
3.20792
3.19255
3.17845
3.16561
3.15401
3.14364
3.13448
3.12654
3.11979
3.11424
3.10989
3.10673
3.10474
3.10383
3.96536
3.93591
3.90468
3.87196
3.83804
3.80319
3.76769
3.73177
3.69567
3.65962
3.62382
3.58846
3.55374
3.51981
3.48681
3.45488
3.4241
3.39456
3.36632
3.33944
3.31392
3.28979
3.26706
3.24572
3.22576
3.20717
3.18995
3.17407
3.15952
3.14628
3.13433
3.12365
3.11424
3.10608
3.09917
3.09349
3.08904
3.08581
3.08377
3.08284
3.99687
3.96468
3.93054
3.89481
3.85784
3.81996
3.78148
3.74269
3.70385
3.66519
3.62692
3.58926
3.55239
3.51647
3.48164
3.44801
3.41568
3.38473
3.35521
3.32715
3.30058
3.27549
3.2519
3.22978
3.20912
3.18991
3.17213
3.15575
3.14076
3.12714
3.11485
3.10389
3.09424
3.08587
3.0788
3.07299
3.06844
3.06515
3.06306
3.0621
4.03339
3.99799
3.96044
3.92117
3.88063
3.83922
3.79732
3.75525
3.71331
3.67173
3.63076
3.59059
3.5514
3.51335
3.47657
3.44118
3.40725
3.37485
3.34401
3.31477
3.28713
3.26109
3.23664
3.21376
3.19242
3.17261
3.15429
3.13744
3.12203
3.10803
3.09543
3.0842
3.07431
3.06576
3.05853
3.0526
3.04796
3.04459
3.04246
3.04147
4.0757
4.03651
3.9949
3.95143
3.90667
3.86112
3.81524
3.76941
3.72395
3.67912
3.63515
3.59224
3.55055
3.51023
3.47141
3.43418
3.39859
3.3647
3.33254
3.30211
3.27341
3.24643
3.22113
3.19751
3.17551
3.15511
3.13627
3.11897
3.10316
3.08883
3.07593
3.06444
3.05434
3.04561
3.03823
3.03219
3.02746
3.02403
3.02184
3.02082
4.12483
4.0811
4.03462
3.98611
3.93631
3.88586
3.83533
3.78515
3.73568
3.6872
3.63991
3.59401
3.54963
3.50691
3.46595
3.4268
3.38951
3.35412
3.32061
3.28899
3.25924
3.23133
3.20522
3.18087
3.15824
3.13729
3.11796
3.10023
3.08405
3.06939
3.05622
3.0445
3.0342
3.02531
3.0178
3.01165
3.00684
3.00334
3.00111
3.00006
4.18215
4.13292
4.08051
4.02588
3.96999
3.91369
3.85765
3.80242
3.74838
3.69578
3.64483
3.59567
3.54842
3.50316
3.45995
3.41883
3.37982
3.3429
3.30806
3.27527
3.24449
3.21568
3.18878
3.16374
3.14051
3.11902
3.09924
3.08111
3.06459
3.04964
3.03622
3.02428
3.01381
3.00477
2.99714
2.9909
2.98601
2.98245
2.98017
2.97909
4.24947
4.19348
4.13375
4.07157
4.00824
3.94486
3.88229
3.82116
3.76186
3.70465
3.64966
3.59697
3.54665
3.49872
3.4532
3.41007
3.36931
3.33088
3.29473
3.2608
3.22902
3.19934
3.17169
3.146
3.1222
3.10022
3.08002
3.06153
3.0447
3.02948
3.01583
3.00371
2.99308
2.98391
2.97618
2.96985
2.96489
2.96127
2.95895
2.95784
4.32921
4.26476
4.19582
4.1242
4.05166
3.97965
3.90927
3.84122
3.7759
3.7135
3.65407
3.59759
3.54403
3.49333
3.44544
3.40028
3.35779
3.31787
3.28045
3.24542
3.21271
3.18221
3.15385
3.12755
3.10323
3.08081
3.06022
3.04141
3.0243
3.00884
2.995
2.98271
2.97195
2.96267
2.95484
2.94844
2.94342
2.93976
2.93739
2.93625
4.42463
4.34939
4.26864
4.18501
4.10092
4.01831
3.93853
3.86235
3.79015
3.72195
3.65768
3.59716
3.54021
3.48668
3.4364
3.38924
3.34506
3.30371
3.26508
3.22902
3.19543
3.16419
3.13518
3.10833
3.08354
3.06072
3.03979
3.02068
3.00333
2.98768
2.97366
2.96124
2.95036
2.94099
2.93309
2.92663
2.92156
2.91785
2.91544
2.91429
4.54016
4.45089
4.35463
4.25544
4.15669
4.06096
3.96985
3.88416
3.8041
3.72949
3.65999
3.59522
3.5348
3.47842
3.4258
3.3767
3.33091
3.28822
3.24847
3.21148
3.17709
3.14518
3.11561
3.08827
3.06306
3.03989
3.01867
2.99932
2.98176
2.96594
2.95179
2.93925
2.92828
2.91884
2.91088
2.90437
2.89926
2.89551
2.89308
2.8919
4.68201
4.57397
4.4569
4.33713
4.21957
4.10751
4.00276
3.90598
3.81706
3.73544
3.66041
3.59126
3.52736
3.4682
3.41333
3.36241
3.31514
3.27124
3.23049
3.19267
3.1576
3.12512
3.09507
3.06733
3.04177
3.01831
2.99684
2.97729
2.95957
2.94361
2.92934
2.91672
2.90569
2.89619
2.88819
2.88164
2.8765
2.87273
2.87027
2.86907
4.85917
4.72496
4.57919
4.43175
4.28982
4.15744
4.03638
3.92684
3.82809
3.73897
3.65821
3.58468
3.51739
3.45559
3.39866
3.34611
3.29753
3.25259
3.211
3.1725
3.13688
3.10394
3.07351
3.04546
3.01964
2.99595
2.97429
2.95458
2.93673
2.92066
2.90632
2.89364
2.88256
2.87303
2.865
2.85843
2.85327
2.84947
2.847
2.84579
5.08529
4.91253
4.72577
4.54064
4.36702
4.20953
4.06923
3.9453
3.83593
3.73902
3.65254
3.57478
3.50436
3.44019
3.38147
3.32754
3.2779
3.23213
3.18989
3.15088
3.11485
3.08159
3.0509
3.02263
2.99664
2.9728
2.95101
2.93119
2.91324
2.89711
2.88272
2.86999
2.85889
2.84934
2.8413
2.83472
2.82955
2.82574
2.82325
2.82204
5.38184
5.14854
4.90097
4.66392
4.44942
4.2614
4.09902
3.9594
3.83899
3.73435
3.64245
3.56087
3.48772
3.42159
3.36144
3.30647
3.25606
3.20973
3.16706
3.12774
3.09147
3.05803
3.02721
2.99883
2.97275
2.94885
2.927
2.90713
2.88914
2.87296
2.85854
2.8458
2.83468
2.82513
2.81709
2.81051
2.80534
2.80154
2.79904
2.79782
5.78446
5.44802
5.1077
4.79884
4.53278
4.30898
4.12239
3.96656
3.83538
3.72359
3.62696
3.54221
3.46695
3.39941
3.3383
3.28269
3.23187
3.18526
3.14243
3.10301
3.0667
3.03324
3.00242
2.97405
2.94799
2.9241
2.90227
2.8824
2.86442
2.84824
2.83382
2.82108
2.80997
2.80042
2.7924
2.78583
2.78067
2.77686
2.77437
2.77314
6.35448
5.82666
5.34291
4.93725
4.60901
4.34597
4.1348
3.96367
3.82299
3.70533
3.60509
3.51817
3.44161
3.37333
3.31184
3.25606
3.20521
3.15866
3.11595
3.07667
3.04051
3.00721
2.97653
2.9483
2.92235
2.89857
2.87682
2.85703
2.8391
2.82297
2.80857
2.79585
2.78476
2.77523
2.76722
2.76067
2.75553
2.75174
2.74925
2.74802
7.19206
6.29029
5.58867
5.06073
4.66448
4.36351
4.13078
3.94738
3.79977
3.6783
3.57607
3.48824
3.41138
3.34315
3.28191
3.22649
3.17603
3.1299
3.08759
3.0487
3.01291
2.97993
2.94955
2.92158
2.89586
2.87227
2.85068
2.83102
2.8132
2.79715
2.78282
2.77015
2.75908
2.74959
2.7416
2.73508
2.72995
2.72618
2.7237
2.72248
8.42947
6.80536
5.79516
5.1349
4.6796
4.35095
4.10469
3.91468
3.7641
3.64162
3.53943
3.45216
3.37613
3.30882
3.2485
3.19397
3.14435
3.09899
3.05738
3.01913
2.9839
2.95143
2.9215
2.89392
2.86854
2.84523
2.82388
2.80441
2.78675
2.77082
2.75659
2.74399
2.73298
2.72352
2.71557
2.70907
2.70397
2.70021
2.69775
2.69653
2.67021
2.67142
2.67386
2.6776
2.68267
2.68914
2.69706
2.70647
2.7174
2.7299
2.74401
2.75977
2.77723
2.79644
2.81747
2.84041
2.86535
2.89241
2.92175
2.95354
2.98799
3.02537
3.06599
3.11023
3.15859
3.2117
3.27042
3.33595
3.41
3.49512
3.59506
3.71532
3.86392
4.0526
4.29905
4.63219
5.10648
5.84418
7.20562
10.6737
2.64355
2.64474
2.64717
2.65088
2.65593
2.66237
2.67024
2.67958
2.69042
2.7028
2.71675
2.73231
2.7495
2.76839
2.78903
2.8115
2.8359
2.86233
2.89094
2.92188
2.95538
2.99166
3.03102
3.07382
3.12053
3.17174
3.22824
3.29116
3.36216
3.44366
3.53924
3.65412
3.79577
3.97479
4.20625
4.5126
4.92932
5.51203
6.33447
7.35984
2.61657
2.61775
2.62016
2.62385
2.62887
2.63527
2.64308
2.65234
2.66308
2.67532
2.68908
2.70438
2.72126
2.73977
2.75994
2.78187
2.80562
2.83131
2.85906
2.88902
2.92139
2.95637
2.99425
3.03534
3.08006
3.12893
3.18268
3.24234
3.30938
3.38603
3.47554
3.58255
3.71351
3.877
4.0841
4.34886
4.68789
5.11498
5.6212
6.11635
2.58931
2.59049
2.59288
2.59654
2.60153
2.60788
2.61563
2.62481
2.63542
2.64748
2.66101
2.67602
2.69254
2.7106
2.73025
2.75154
2.77457
2.79942
2.8262
2.85506
2.88616
2.91969
2.95588
2.99503
3.03749
3.0837
3.1343
3.19018
3.25262
3.32359
3.4059
3.50355
3.62182
3.76727
3.94754
4.17049
4.44223
4.76174
5.11003
5.43523
2.56181
2.56297
2.56535
2.56899
2.57394
2.58025
2.58793
2.597
2.60746
2.61933
2.63259
2.64726
2.66336
2.68092
2.69998
2.72058
2.74281
2.76674
2.79247
2.82012
2.84983
2.88178
2.91616
2.9532
2.9932
3.03653
3.08372
3.13549
3.19297
3.25781
3.33244
3.4202
3.52538
3.65298
3.80827
3.99567
4.21693
4.4679
4.73419
4.98882
2.5341
2.53525
2.53761
2.54122
2.54614
2.5524
2.56
2.56895
2.57924
2.59088
2.60384
2.61813
2.63377
2.65078
2.66919
2.68904
2.71041
2.73335
2.75796
2.78433
2.81259
2.84287
2.87533
2.91016
2.94759
2.98792
3.03155
3.07911
3.1315
3.19015
3.25711
3.33523
3.42801
3.53946
3.67344
3.8328
4.01799
4.22538
4.44582
4.66505
2.5062
2.50734
2.50969
2.51328
2.51816
2.52436
2.53187
2.54069
2.55079
2.56215
2.57478
2.58865
2.60379
2.6202
2.63792
2.65698
2.67744
2.69935
2.72279
2.74784
2.77459
2.80315
2.83365
2.86622
2.90105
2.93834
2.97843
3.02179
3.0692
3.12187
3.18157
3.25076
3.33245
3.43001
3.54665
3.68459
3.84422
4.02316
4.21592
4.41465
2.47816
2.47929
2.48162
2.48519
2.49004
2.49617
2.50358
2.51224
2.52211
2.53318
2.54543
2.55885
2.57344
2.58923
2.60622
2.62446
2.64399
2.66484
2.68709
2.71079
2.73602
2.76286
2.79139
2.82171
2.85395
2.88827
2.9249
2.96423
3.00692
3.054
3.10707
3.16828
3.24038
3.32641
3.42924
3.55098
3.69231
3.852
4.02685
4.21232
2.44999
2.45112
2.45343
2.45698
2.46179
2.46785
2.47514
2.48362
2.49324
2.50398
2.51582
2.52875
2.54278
2.55791
2.57416
2.59155
2.61013
2.62993
2.65098
2.67334
2.69705
2.72218
2.74878
2.77691
2.80664
2.8381
2.87145
2.907
2.94532
2.98733
3.03448
3.08878
3.15278
3.22936
3.32131
3.43077
3.55878
3.70494
3.86747
4.04361
2.42173
2.42285
2.42515
2.42868
2.43345
2.43943
2.44657
2.45484
2.46418
2.47456
2.48597
2.49839
2.51182
2.52628
2.54177
2.55833
2.57596
2.5947
2.61458
2.63562
2.65786
2.68132
2.70605
2.73208
2.75943
2.78819
2.81848
2.85056
2.88492
2.92242
2.9644
3.01278
3.07004
3.13898
3.22236
3.32245
3.44056
3.57689
3.73047
3.89961
2.39341
2.39452
2.39681
2.40032
2.40503
2.4109
2.41789
2.42591
2.43494
2.44494
2.45589
2.46778
2.48061
2.4944
2.50914
2.52486
2.54156
2.55927
2.578
2.59777
2.61859
2.64047
2.66342
2.68745
2.71258
2.73884
2.76632
2.79525
2.82609
2.85963
2.89716
2.94055
2.99225
3.05504
3.13167
3.22451
3.33513
3.46408
3.61088
3.77448
2.36503
2.36614
2.36843
2.3719
2.37655
2.3823
2.38909
2.39685
2.40555
2.41514
2.42561
2.43697
2.4492
2.46231
2.47632
2.49122
2.50703
2.52375
2.54138
2.55993
2.5794
2.59977
2.62106
2.64324
2.6663
2.69027
2.71521
2.74134
2.76907
2.79917
2.83291
2.87215
2.9193
2.97713
3.04842
3.13562
3.24047
3.36373
3.50516
3.66422
2.33663
2.33774
2.34001
2.34345
2.34802
2.35362
2.36019
2.36767
2.376
2.38517
2.39517
2.40598
2.41762
2.43009
2.44338
2.4575
2.47245
2.48823
2.50482
2.52222
2.54042
2.55939
2.57913
2.5996
2.62078
2.64267
2.66535
2.68899
2.71401
2.74116
2.77171
2.8075
2.85094
2.90479
2.97185
3.05462
3.15497
3.2737
3.41076
3.56599
2.30823
2.30933
2.31159
2.31498
2.31944
2.32488
2.33121
2.33837
2.34633
2.35508
2.36459
2.37488
2.38595
2.39779
2.4104
2.42379
2.43793
2.45281
2.46843
2.48475
2.50177
2.51945
2.53776
2.55666
2.57614
2.59618
2.61684
2.63831
2.66098
2.68562
2.7135
2.74646
2.7869
2.83756
2.90126
2.98055
3.07733
3.19237
3.32577
3.47768
2.27983
2.28093
2.28317
2.2865
2.29084
2.29608
2.30214
2.30898
2.31656
2.32488
2.33393
2.34371
2.35423
2.36548
2.37746
2.39015
2.40353
2.41759
2.4323
2.44763
2.46356
2.48005
2.49706
2.51455
2.53249
2.55088
2.56977
2.58935
2.61001
2.63254
2.65821
2.68886
2.72687
2.77499
2.83603
2.9126
3.00651
3.11846
3.24873
3.39773
2.25146
2.25256
2.25477
2.25802
2.26221
2.26723
2.27301
2.27952
2.28673
2.29463
2.30323
2.31253
2.32254
2.33324
2.34462
2.35667
2.36935
2.38265
2.39652
2.41094
2.42588
2.44128
2.45712
2.47334
2.48992
2.50685
2.52419
2.54213
2.56109
2.58185
2.60571
2.63448
2.67056
2.71668
2.77565
2.85009
2.94166
3.05098
3.17852
3.32492
2.22314
2.22422
2.22639
2.22955
2.23357
2.23836
2.24386
2.25003
2.25687
2.26437
2.27255
2.2814
2.29093
2.30113
2.31196
2.32342
2.33546
2.34806
2.36117
2.37477
2.3888
2.40322
2.418
2.43309
2.44846
2.46411
2.48011
2.49664
2.51417
2.53347
2.55585
2.58314
2.6177
2.66227
2.71967
2.79246
2.88206
2.98912
3.11426
3.2583
2.19487
2.19595
2.19806
2.2011
2.20494
2.20949
2.21469
2.22054
2.22703
2.23416
2.24194
2.25038
2.25948
2.26921
2.27955
2.29047
2.30193
2.31389
2.32632
2.33916
2.35237
2.36592
2.37976
2.39384
2.40814
2.42268
2.43751
2.45287
2.46919
2.48731
2.50851
2.53464
2.56804
2.61145
2.66772
2.73921
2.82714
2.93222
3.05521
3.1971
2.16669
2.16774
2.16979
2.1727
2.17634
2.18065
2.18557
2.19111
2.19726
2.20404
2.21147
2.21953
2.22823
2.23754
2.24743
2.25787
2.26881
2.2802
2.292
2.30417
2.31666
2.32942
2.34242
2.35561
2.36899
2.38256
2.3964
2.41075
2.42609
2.44325
2.46354
2.48879
2.52136
2.56397
2.61946
2.68992
2.77642
2.87976
3.00079
3.14072
2.1386
2.13963
2.1416
2.14436
2.14781
2.15187
2.15652
2.16177
2.16761
2.17408
2.18118
2.18891
2.19725
2.20619
2.21568
2.22568
2.23615
2.24704
2.25828
2.26985
2.28168
2.29375
2.30601
2.31842
2.33099
2.34373
2.35673
2.37025
2.38479
2.40121
2.42081
2.44544
2.47745
2.51962
2.57462
2.64423
2.7295
2.83128
2.95053
3.08864
2.11063
2.11163
2.11351
2.11613
2.11938
2.12321
2.1276
2.13257
2.13814
2.14432
2.15113
2.15855
2.16658
2.17519
2.18433
2.19395
2.204
2.21443
2.22518
2.23621
2.24748
2.25893
2.27053
2.28227
2.29414
2.30617
2.31846
2.33131
2.34522
2.36108
2.3802
2.40445
2.43619
2.47821
2.53291
2.60184
2.68604
2.7864
2.90401
3.04042
2.0828
2.08376
2.08555
2.08802
2.09108
2.09469
2.09884
2.10357
2.10888
2.11481
2.12136
2.12852
2.13627
2.14459
2.15342
2.1627
2.17239
2.18242
2.19274
2.20329
2.21405
2.22496
2.236
2.24716
2.25843
2.26985
2.28157
2.29387
2.30731
2.32277
2.34161
2.3657
2.39748
2.43958
2.49411
2.56248
2.64573
2.74481
2.86089
2.99571
2.05514
2.05606
2.05775
2.06008
2.06295
2.06636
2.0703
2.0748
2.07989
2.08559
2.09191
2.09884
2.10636
2.11442
2.12298
2.13197
2.14134
2.15102
2.16095
2.1711
2.18141
2.19186
2.20241
2.21306
2.22382
2.23475
2.246
2.25788
2.27098
2.28621
2.30495
2.32913
2.3612
2.40354
2.45799
2.52591
2.60832
2.70621
2.82086
2.95418
2.02768
2.02856
2.03015
2.03233
2.03504
2.03826
2.04201
2.04631
2.05121
2.05671
2.06283
2.06957
2.07688
2.08472
2.09304
2.10178
2.11087
2.12025
2.12985
2.13964
2.14957
2.15961
2.16975
2.17997
2.19031
2.20083
2.21171
2.22329
2.23618
2.25133
2.27018
2.29472
2.32726
2.36991
2.42437
2.49192
2.57358
2.67036
2.78366
2.91557
2.00044
2.00127
2.00277
2.00482
2.00738
2.01043
2.01401
2.01814
2.02286
2.0282
2.03415
2.04071
2.04784
2.0555
2.06363
2.07215
2.081
2.09012
2.09944
2.10892
2.11852
2.12822
2.138
2.14787
2.15786
2.16806
2.17867
2.19006
2.20288
2.21812
2.23731
2.26242
2.29552
2.33855
2.39309
2.46034
2.54131
2.63704
2.74905
2.87962
1.97346
1.97424
1.97565
1.97758
1.98
1.98291
1.98633
1.99031
1.99489
2.00008
2.00589
2.01231
2.01929
2.02679
2.03475
2.04309
2.05174
2.06064
2.06972
2.07894
2.08827
2.09768
2.10716
2.11674
2.12645
2.13641
2.14685
2.15817
2.17106
2.18661
2.20635
2.23212
2.26586
2.30934
2.364
2.431
2.51131
2.60604
2.71681
2.8461
1.94675
1.94749
1.94882
1.95065
1.95295
1.95572
1.95902
1.96287
1.96732
1.97239
1.97808
1.98438
1.99124
1.99861
2.00643
2.01461
2.0231
2.03182
2.0407
2.04971
2.05881
2.06798
2.07723
2.08658
2.09608
2.10589
2.11625
2.12763
2.14077
2.15681
2.17722
2.20375
2.23818
2.28214
2.33696
2.40372
2.4834
2.57717
2.68674
2.81481
1.92035
1.92105
1.92231
1.92404
1.92624
1.92891
1.93209
1.93584
1.94018
1.94515
1.95075
1.95694
1.9637
1.97097
1.97867
1.98674
1.99509
2.00366
2.01238
2.02122
2.03014
2.03913
2.04819
2.05737
2.06675
2.07649
2.0869
2.09849
2.11204
2.12869
2.14988
2.17723
2.21239
2.25685
2.31183
2.37837
2.45744
2.55025
2.65866
2.78554
1.89427
1.89494
1.89614
1.8978
1.8999
1.90248
1.90558
1.90924
1.9135
1.91839
1.9239
1.93002
1.9367
1.94389
1.9515
1.95947
1.96772
1.97617
1.98478
1.99348
2.00227
2.01112
2.02006
2.02914
2.03848
2.04827
2.05885
2.07078
2.08487
2.10225
2.12428
2.1525
2.18841
2.23336
2.2885
2.3548
2.43324
2.52511
2.63237
2.75811
1.86855
1.86918
1.87033
1.87193
1.87397
1.87647
1.8795
1.88309
1.88729
1.89212
1.89757
1.90363
1.91025
1.91738
1.92493
1.93283
1.941
1.94938
1.9579
1.96651
1.97521
1.98398
1.99286
2.00193
2.01132
2.02126
2.03213
2.04452
2.05926
2.07745
2.10039
2.12949
2.16614
2.21157
2.26683
2.33287
2.41067
2.50157
2.60771
2.73234
1.84319
1.8438
1.84491
1.84646
1.84845
1.8509
1.85388
1.85743
1.86158
1.86637
1.87178
1.8778
1.88438
1.89146
1.89897
1.90683
1.91496
1.92329
1.93177
1.94034
1.949
1.95775
1.96665
1.97578
1.98531
1.99551
2.00678
2.01974
2.03522
2.05428
2.07816
2.10815
2.14551
2.19137
2.24671
2.31244
2.38956
2.47949
2.58449
2.70805
1.81822
1.81881
1.81989
1.8214
1.82336
1.82578
1.82873
1.83225
1.83638
1.84115
1.84654
1.85253
1.85909
1.86616
1.87365
1.8815
1.88962
1.89795
1.90642
1.915
1.92368
1.93248
1.94146
1.95074
1.96051
1.97106
1.98283
1.99645
2.01275
2.03273
2.05755
2.08839
2.12642
2.17265
2.22801
2.29337
2.36977
2.45869
2.56256
2.68505
1.79363
1.79421
1.79527
1.79677
1.79871
1.80113
1.80407
1.80759
1.81172
1.81648
1.82186
1.82786
1.83443
1.8415
1.84901
1.85687
1.86501
1.87337
1.88188
1.89052
1.89928
1.90819
1.91733
1.92685
1.93695
1.94795
1.96032
1.97468
1.99183
2.01275
2.0385
2.07016
2.10878
2.15531
2.2106
2.27553
2.35114
2.43902
2.54174
2.66319
1.76943
1.77001
1.77107
1.77257
1.77452
1.77695
1.77991
1.78345
1.7876
1.79238
1.79779
1.80381
1.8104
1.81751
1.82505
1.83297
1.84117
1.8496
1.85821
1.86696
1.87585
1.88495
1.89433
1.90417
1.91469
1.92623
1.93927
1.95442
1.97247
1.99433
2.02096
2.05337
2.09251
2.13923
2.19437
2.25877
2.33353
2.42031
2.52187
2.6423
1.74563
1.74621
1.74728
1.7488
1.75078
1.75325
1.75626
1.75984
1.76404
1.76886
1.77432
1.78039
1.78704
1.79421
1.80184
1.80984
1.81814
1.82669
1.83544
1.84435
1.85346
1.86281
1.87252
1.88276
1.89378
1.90593
1.9197
1.93569
1.95465
1.9774
2.00487
2.03794
2.07749
2.12431
2.17918
2.24296
2.31678
2.40242
2.50279
2.62219
1.72221
1.7228
1.72389
1.72546
1.72749
1.73003
1.73311
1.73677
1.74105
1.74595
1.75149
1.75765
1.76439
1.77166
1.77939
1.78752
1.79597
1.80469
1.81362
1.82277
1.83215
1.84183
1.85194
1.86267
1.87426
1.88709
1.90164
1.91848
1.93831
1.96193
1.99015
2.02378
2.06363
2.11042
2.16492
2.22797
2.30075
2.38518
2.48435
2.60273
1.69916
1.69977
1.7009
1.70253
1.70465
1.70729
1.71048
1.71425
1.71864
1.72366
1.72932
1.7356
1.74247
1.74988
1.75777
1.76606
1.77471
1.78364
1.79283
1.80227
1.812
1.82208
1.83267
1.84394
1.85617
1.86972
1.88506
1.90275
1.92343
1.94784
1.97671
2.0108
2.05082
2.09746
2.15144
2.21365
2.28531
2.36846
2.46638
2.58374
1.67645
1.67709
1.67829
1.68001
1.68224
1.68501
1.68835
1.69227
1.69682
1.702
1.70782
1.71427
1.72132
1.72891
1.737
1.74551
1.7544
1.76361
1.77311
1.78291
1.79305
1.8036
1.81472
1.8266
1.83951
1.85382
1.86996
1.88846
1.90995
1.93506
1.96448
1.99889
2.03894
2.08529
2.13864
2.19987
2.27031
2.35211
2.44876
2.5651
1.65407
1.65475
1.65602
1.65786
1.66025
1.66319
1.66671
1.67084
1.67559
1.68098
1.68702
1.69369
1.70096
1.70879
1.71712
1.72591
1.7351
1.74464
1.75452
1.76474
1.77534
1.78643
1.79814
1.81067
1.82429
1.83935
1.85628
1.87557
1.89777
1.9235
1.95335
1.98795
2.0279
2.07382
2.12638
2.18652
2.25563
2.33601
2.43136
2.54666
1.63197
1.6327
1.63408
1.63607
1.63864
1.6418
1.64556
1.64993
1.65495
1.66061
1.66692
1.67386
1.68141
1.68954
1.69818
1.7073
1.71685
1.72678
1.73709
1.74778
1.75892
1.77059
1.78293
1.79614
1.81048
1.8263
1.84398
1.86399
1.88684
1.91307
1.94323
1.97788
2.01758
2.06292
2.11456
2.17348
2.24114
2.32004
2.41405
2.52831
1.61011
1.6109
1.61242
1.61459
1.61739
1.62081
1.62486
1.62955
1.63488
1.64088
1.64752
1.6548
1.6627
1.67118
1.6802
1.68971
1.69967
1.71005
1.72084
1.73207
1.74378
1.75607
1.76907
1.78297
1.79804
1.81458
1.83297
1.85364
1.87704
1.90366
1.934
1.96857
2.00788
2.05248
2.10307
2.16063
2.22675
2.3041
2.39675
2.50995
1.58845
1.58932
1.59099
1.59338
1.59645
1.60019
1.60459
1.60965
1.61538
1.62177
1.62882
1.63652
1.64483
1.65373
1.66318
1.67314
1.68358
1.69446
1.70579
1.71759
1.72991
1.74285
1.75652
1.77113
1.7869
1.80414
1.82318
1.84442
1.86827
1.89517
1.92557
1.95991
1.99868
2.04241
2.0918
2.14788
2.21237
2.28811
2.37938
2.49152
1.56692
1.56789
1.56974
1.57239
1.57578
1.5799
1.58472
1.59022
1.59642
1.60328
1.61081
1.61899
1.62779
1.63719
1.64714
1.65761
1.66857
1.68001
1.69192
1.70433
1.71729
1.73088
1.74523
1.76052
1.77698
1.79487
1.8145
1.83624
1.86044
1.88749
1.91781
1.95179
1.98988
2.0326
2.08065
2.13515
2.19793
2.27203
2.3619
2.47296
1.54547
1.54655
1.54861
1.55157
1.55534
1.5599
1.5652
1.57122
1.57795
1.58538
1.59347
1.60221
1.61157
1.62152
1.63204
1.64308
1.65462
1.66666
1.67918
1.69223
1.70584
1.7201
1.73513
1.75108
1.76818
1.78666
1.80682
1.82895
1.8534
1.8805
1.91061
1.9441
1.98137
2.02295
2.06957
2.12238
2.18339
2.25581
2.3443
2.45427
1.52403
1.52524
1.52755
1.53085
1.53506
1.54012
1.54598
1.55261
1.55996
1.56802
1.57675
1.58613
1.59613
1.60671
1.61785
1.62951
1.64169
1.65436
1.66753
1.68123
1.6955
1.71042
1.7261
1.74269
1.76039
1.77941
1.8
1.82245
1.84704
1.87407
1.90385
1.93672
1.97307
2.0134
2.05846
2.10952
2.16872
2.23948
2.32659
2.43547
1.5025
1.50386
1.50646
1.51017
1.51489
1.52053
1.52703
1.53433
1.5424
1.55117
1.56062
1.57072
1.58142
1.5927
1.60452
1.61686
1.6297
1.64304
1.65687
1.67124
1.68617
1.70173
1.71804
1.73523
1.75347
1.77296
1.79393
1.8166
1.84122
1.86807
1.89742
1.92956
1.96487
2.00384
2.04729
2.09656
2.15394
2.22306
2.30882
2.41664
1.48082
1.48235
1.48528
1.48946
1.49476
1.50106
1.50829
1.51636
1.52522
1.53479
1.54505
1.55593
1.5674
1.57943
1.59199
1.60505
1.61859
1.63261
1.64712
1.66215
1.67773
1.69392
1.71082
1.72857
1.7473
1.76719
1.78844
1.81124
1.83582
1.86239
1.89119
1.92251
1.95669
1.99424
2.03602
2.08349
2.1391
2.20664
2.2911
2.39787
1.45887
1.4606
1.46393
1.46865
1.47461
1.48167
1.48972
1.49865
1.50839
1.51885
1.52998
1.54172
1.55402
1.56686
1.58019
1.59399
1.60826
1.62298
1.63817
1.65385
1.67006
1.68685
1.70431
1.72256
1.74173
1.76195
1.78341
1.80625
1.83068
1.85688
1.88506
1.91547
1.94845
1.98455
2.02466
2.07036
2.12427
2.19032
2.27356
2.3793
1.43655
1.43853
1.44231
1.44766
1.45438
1.46231
1.47128
1.48118
1.49189
1.50331
1.51539
1.52805
1.54124
1.55492
1.56905
1.58363
1.59863
1.61405
1.62991
1.64623
1.66304
1.6804
1.69838
1.71708
1.73661
1.7571
1.77868
1.8015
1.8257
1.85144
1.87892
1.90836
1.94012
1.97474
2.01323
2.05725
2.10958
2.17425
2.25634
2.3611
1.41375
1.41602
1.42033
1.42643
1.43404
1.44295
1.45297
1.46393
1.47571
1.48818
1.50127
1.5149
1.52901
1.54356
1.55853
1.57388
1.58962
1.60574
1.62225
1.63918
1.65656
1.67444
1.69289
1.71198
1.73182
1.7525
1.77414
1.79684
1.82074
1.84597
1.8727
1.90114
1.93166
1.96486
2.00179
2.04427
2.09516
2.1586
2.23964
2.34347
1.39033
1.39295
1.39792
1.4049
1.41355
1.4236
1.43479
1.44694
1.45987
1.47347
1.48762
1.50226
1.51733
1.53277
1.54857
1.5647
1.58116
1.59795
1.61509
1.6326
1.65051
1.66887
1.68773
1.70716
1.72724
1.74805
1.76967
1.79221
1.81575
1.84041
1.86635
1.8938
1.92312
1.95496
1.99048
2.03156
2.0812
2.14356
2.22365
2.32662
1.36614
1.36919
1.37497
1.38302
1.39291
1.40427
1.4168
1.43025
1.44444
1.45923
1.47451
1.49019
1.50621
1.52255
1.53917
1.55606
1.57322
1.59066
1.60838
1.62642
1.64482
1.6636
1.68282
1.70253
1.72279
1.74366
1.76522
1.78753
1.81067
1.83474
1.8599
1.88637
1.91456
1.94517
1.97942
2.01932
2.0679
2.12932
2.20857
2.31075
1.34099
1.34461
1.35141
1.36079
1.37216
1.38505
1.39909
1.41399
1.42954
1.44558
1.462
1.47874
1.49573
1.51294
1.53036
1.54798
1.5658
1.58383
1.6021
1.62063
1.63945
1.6586
1.67812
1.69805
1.71843
1.73932
1.76075
1.7828
1.80551
1.829
1.85339
1.87895
1.90612
1.93565
1.96883
2.00774
2.05545
2.11609
2.1946
2.29607
1.31465
1.31903
1.32717
1.33822
1.3514
1.36609
1.38184
1.39833
1.41532
1.43266
1.45026
1.46804
1.48597
1.50403
1.5222
1.5405
1.55893
1.57751
1.59627
1.61522
1.63441
1.65387
1.67363
1.69372
1.71418
1.73503
1.75631
1.77807
1.80036
1.82328
1.84697
1.87171
1.89798
1.9266
1.95891
1.99703
2.04404
2.10403
2.1819
2.28274
1.28681
1.29227
1.30223
1.31545
1.33086
1.34766
1.36533
1.38353
1.40203
1.4207
1.43945
1.45825
1.47708
1.49592
1.5148
1.53371
1.55269
1.57176
1.59094
1.61026
1.62976
1.64947
1.66941
1.68961
1.7101
1.73088
1.752
1.77347
1.79536
1.81776
1.84083
1.86486
1.89039
1.91826
1.94988
1.98738
2.03384
2.09331
2.17063
2.27091
1.25704
1.2641
1.27664
1.29274
1.3109
1.33016
1.34995
1.36996
1.38999
1.40996
1.42983
1.44958
1.46923
1.48879
1.50828
1.52774
1.5472
1.56668
1.58622
1.60584
1.62558
1.64548
1.66556
1.68584
1.70632
1.72702
1.74796
1.76918
1.79071
1.81265
1.83519
1.85865
1.88357
1.91085
1.94194
1.97897
2.02499
2.08402
2.16088
2.2607
1.22463
1.23432
1.25072
1.27067
1.29218
1.31421
1.33624
1.35807
1.37958
1.40077
1.42165
1.44226
1.46262
1.4828
1.50282
1.52273
1.54258
1.5624
1.58222
1.60208
1.62202
1.64206
1.66223
1.68254
1.703
1.72361
1.7444
1.76539
1.78662
1.8082
1.83032
1.85332
1.87776
1.90459
1.93525
1.97191
2.01759
2.07628
2.15277
2.2522
1.18841
1.20295
1.22533
1.25035
1.27573
1.30066
1.32489
1.34839
1.37123
1.39347
1.4152
1.43651
1.45746
1.47812
1.49856
1.51883
1.53898
1.55905
1.57909
1.59913
1.6192
1.63934
1.65956
1.67988
1.70031
1.72086
1.74152
1.76233
1.78333
1.80463
1.82643
1.84908
1.87316
1.89963
1.92996
1.96631
2.01172
2.07015
2.14637
2.2455
1.14624
1.17124
1.20279
1.2338
1.26305
1.29059
1.31665
1.3415
1.36536
1.38839
1.41074
1.43255
1.45392
1.47492
1.49565
1.51616
1.53652
1.55676
1.57694
1.5971
1.61726
1.63745
1.6577
1.67803
1.69843
1.71892
1.73949
1.76018
1.78102
1.80214
1.82371
1.84611
1.86992
1.89612
1.92617
1.96228
2.00748
2.06575
2.14182
2.24074
1.09588
1.14622
1.18822
1.22408
1.25599
1.28515
1.31229
1.3379
1.36232
1.38577
1.40847
1.43054
1.45212
1.47331
1.49419
1.51482
1.53528
1.55561
1.57587
1.59608
1.61628
1.6365
1.65677
1.67709
1.69747
1.71792
1.73845
1.75907
1.77984
1.80085
1.8223
1.84456
1.86821
1.89422
1.9241
1.96003
2.00509
2.06329
2.13936
2.23818
10.6737
7.20562
5.84418
5.10648
4.63219
4.29905
4.0526
3.86392
3.71532
3.59506
3.49512
3.41
3.33595
3.27042
3.2117
3.15859
3.11023
3.06599
3.02537
2.98799
2.95354
2.92175
2.89241
2.86535
2.84041
2.81747
2.79644
2.77723
2.75977
2.74401
2.7299
2.7174
2.70647
2.69706
2.68914
2.68267
2.6776
2.67386
2.67142
2.67021
7.35984
6.33447
5.51203
4.92932
4.5126
4.20625
3.97479
3.79577
3.65412
3.53924
3.44366
3.36216
3.29116
3.22824
3.17174
3.12053
3.07382
3.03102
2.99166
2.95538
2.92188
2.89094
2.86233
2.8359
2.8115
2.78903
2.76839
2.7495
2.73231
2.71675
2.7028
2.69042
2.67958
2.67024
2.66237
2.65593
2.65088
2.64717
2.64474
2.64355
6.11635
5.6212
5.11498
4.68789
4.34886
4.0841
3.877
3.71351
3.58255
3.47554
3.38603
3.30938
3.24234
3.18268
3.12893
3.08006
3.03534
2.99425
2.95637
2.92139
2.88902
2.85906
2.83131
2.80562
2.78187
2.75994
2.73977
2.72126
2.70438
2.68908
2.67532
2.66308
2.65234
2.64308
2.63527
2.62887
2.62385
2.62016
2.61775
2.61657
5.43523
5.11003
4.76174
4.44223
4.17049
3.94754
3.76727
3.62182
3.50355
3.4059
3.32359
3.25262
3.19018
3.1343
3.0837
3.03749
2.99503
2.95588
2.91969
2.88616
2.85506
2.8262
2.79942
2.77457
2.75154
2.73025
2.7106
2.69254
2.67602
2.66101
2.64748
2.63542
2.62481
2.61563
2.60788
2.60153
2.59654
2.59288
2.59049
2.58931
4.98882
4.73419
4.4679
4.21693
3.99567
3.80827
3.65298
3.52538
3.4202
3.33244
3.25781
3.19297
3.13549
3.08372
3.03653
2.9932
2.9532
2.91616
2.88178
2.84983
2.82012
2.79247
2.76674
2.74281
2.72058
2.69998
2.68092
2.66336
2.64726
2.63259
2.61933
2.60746
2.597
2.58793
2.58025
2.57394
2.56899
2.56535
2.56297
2.56181
4.66505
4.44582
4.22538
4.01799
3.8328
3.67344
3.53946
3.42801
3.33523
3.25711
3.19015
3.1315
3.07911
3.03155
2.98792
2.94759
2.91016
2.87533
2.84287
2.81259
2.78433
2.75796
2.73335
2.71041
2.68904
2.66919
2.65078
2.63377
2.61813
2.60384
2.59088
2.57924
2.56895
2.56
2.5524
2.54614
2.54122
2.53761
2.53525
2.5341
4.41465
4.21592
4.02316
3.84422
3.68459
3.54665
3.43001
3.33245
3.25076
3.18157
3.12187
3.0692
3.02179
2.97843
2.93834
2.90105
2.86622
2.83365
2.80315
2.77459
2.74784
2.72279
2.69935
2.67744
2.65698
2.63792
2.6202
2.60379
2.58865
2.57478
2.56215
2.55079
2.54069
2.53187
2.52436
2.51816
2.51328
2.50969
2.50734
2.5062
4.21232
4.02685
3.852
3.69231
3.55098
3.42924
3.32641
3.24038
3.16828
3.10707
3.054
3.00692
2.96423
2.9249
2.88827
2.85395
2.82171
2.79139
2.76286
2.73602
2.71079
2.68709
2.66484
2.64399
2.62446
2.60622
2.58923
2.57344
2.55885
2.54543
2.53318
2.52211
2.51224
2.50358
2.49617
2.49004
2.48519
2.48162
2.47929
2.47816
4.04361
3.86747
3.70494
3.55878
3.43077
3.32131
3.22936
3.15278
3.08878
3.03448
2.98733
2.94532
2.907
2.87145
2.8381
2.80664
2.77691
2.74878
2.72218
2.69705
2.67334
2.65098
2.62993
2.61013
2.59155
2.57416
2.55791
2.54278
2.52875
2.51582
2.50398
2.49324
2.48362
2.47514
2.46785
2.46179
2.45698
2.45343
2.45112
2.44999
3.89961
3.73047
3.57689
3.44056
3.32245
3.22236
3.13898
3.07004
3.01278
2.9644
2.92242
2.88492
2.85056
2.81848
2.78819
2.75943
2.73208
2.70605
2.68132
2.65786
2.63562
2.61458
2.5947
2.57596
2.55833
2.54177
2.52628
2.51182
2.49839
2.48597
2.47456
2.46418
2.45484
2.44657
2.43943
2.43345
2.42868
2.42515
2.42285
2.42173
3.77448
3.61088
3.46408
3.33513
3.22451
3.13167
3.05504
2.99225
2.94055
2.89716
2.85963
2.82609
2.79525
2.76632
2.73884
2.71258
2.68745
2.66342
2.64047
2.61859
2.59777
2.578
2.55927
2.54156
2.52486
2.50914
2.4944
2.48061
2.46778
2.45589
2.44494
2.43494
2.42591
2.41789
2.4109
2.40503
2.40032
2.39681
2.39452
2.39341
3.66422
3.50516
3.36373
3.24047
3.13562
3.04842
2.97713
2.9193
2.87215
2.83291
2.79917
2.76907
2.74134
2.71521
2.69027
2.6663
2.64324
2.62106
2.59977
2.5794
2.55993
2.54138
2.52375
2.50703
2.49122
2.47632
2.46231
2.4492
2.43697
2.42561
2.41514
2.40555
2.39685
2.38909
2.3823
2.37655
2.3719
2.36843
2.36614
2.36503
3.56599
3.41076
3.2737
3.15497
3.05462
2.97185
2.90479
2.85094
2.8075
2.77171
2.74116
2.71401
2.68899
2.66535
2.64267
2.62078
2.5996
2.57913
2.55939
2.54042
2.52222
2.50482
2.48823
2.47245
2.4575
2.44338
2.43009
2.41762
2.40598
2.39517
2.38517
2.376
2.36767
2.36019
2.35362
2.34802
2.34345
2.34001
2.33774
2.33663
3.47768
3.32577
3.19237
3.07733
2.98055
2.90126
2.83756
2.7869
2.74646
2.7135
2.68562
2.66098
2.63831
2.61684
2.59618
2.57614
2.55666
2.53776
2.51945
2.50177
2.48475
2.46843
2.45281
2.43793
2.42379
2.4104
2.39779
2.38595
2.37488
2.36459
2.35508
2.34633
2.33837
2.33121
2.32488
2.31944
2.31498
2.31159
2.30933
2.30823
3.39773
3.24873
3.11846
3.00651
2.9126
2.83603
2.77499
2.72687
2.68886
2.65821
2.63254
2.61001
2.58935
2.56977
2.55088
2.53249
2.51455
2.49706
2.48005
2.46356
2.44763
2.4323
2.41759
2.40353
2.39015
2.37746
2.36548
2.35423
2.34371
2.33393
2.32488
2.31656
2.30898
2.30214
2.29608
2.29084
2.2865
2.28317
2.28093
2.27983
3.32492
3.17852
3.05098
2.94166
2.85009
2.77565
2.71668
2.67056
2.63448
2.60571
2.58185
2.56109
2.54213
2.52419
2.50685
2.48992
2.47334
2.45712
2.44128
2.42588
2.41094
2.39652
2.38265
2.36935
2.35667
2.34462
2.33324
2.32254
2.31253
2.30323
2.29463
2.28673
2.27952
2.27301
2.26723
2.26221
2.25802
2.25477
2.25256
2.25146
3.2583
3.11426
2.98912
2.88206
2.79246
2.71967
2.66227
2.6177
2.58314
2.55585
2.53347
2.51417
2.49664
2.48011
2.46411
2.44846
2.43309
2.418
2.40322
2.3888
2.37477
2.36117
2.34806
2.33546
2.32342
2.31196
2.30113
2.29093
2.2814
2.27255
2.26437
2.25687
2.25003
2.24386
2.23836
2.23357
2.22955
2.22639
2.22422
2.22314
3.1971
3.05521
2.93222
2.82714
2.73921
2.66772
2.61145
2.56804
2.53464
2.50851
2.48731
2.46919
2.45287
2.43751
2.42268
2.40814
2.39384
2.37976
2.36592
2.35237
2.33916
2.32632
2.31389
2.30193
2.29047
2.27955
2.26921
2.25948
2.25038
2.24194
2.23416
2.22703
2.22054
2.21469
2.20949
2.20494
2.2011
2.19806
2.19595
2.19487
3.14072
3.00079
2.87976
2.77642
2.68992
2.61946
2.56397
2.52136
2.48879
2.46354
2.44325
2.42609
2.41075
2.3964
2.38256
2.36899
2.35561
2.34242
2.32942
2.31666
2.30417
2.292
2.2802
2.26881
2.25787
2.24743
2.23754
2.22823
2.21953
2.21147
2.20404
2.19726
2.19111
2.18557
2.18065
2.17634
2.1727
2.16979
2.16774
2.16669
3.08864
2.95053
2.83128
2.7295
2.64423
2.57462
2.51962
2.47745
2.44544
2.42081
2.40121
2.38479
2.37025
2.35673
2.34373
2.33099
2.31842
2.30601
2.29375
2.28168
2.26985
2.25828
2.24704
2.23615
2.22568
2.21568
2.20619
2.19725
2.18891
2.18118
2.17408
2.16761
2.16177
2.15652
2.15187
2.14781
2.14436
2.1416
2.13963
2.1386
3.04042
2.90401
2.7864
2.68604
2.60184
2.53291
2.47821
2.43619
2.40445
2.3802
2.36108
2.34522
2.33131
2.31846
2.30617
2.29414
2.28227
2.27053
2.25893
2.24748
2.23621
2.22518
2.21443
2.204
2.19395
2.18433
2.17519
2.16658
2.15855
2.15113
2.14432
2.13814
2.13257
2.1276
2.12321
2.11938
2.11613
2.11351
2.11163
2.11063
2.99571
2.86089
2.74481
2.64573
2.56248
2.49411
2.43958
2.39748
2.3657
2.34161
2.32277
2.30731
2.29387
2.28157
2.26985
2.25843
2.24716
2.236
2.22496
2.21405
2.20329
2.19274
2.18242
2.17239
2.1627
2.15342
2.14459
2.13627
2.12852
2.12136
2.11481
2.10888
2.10357
2.09884
2.09469
2.09108
2.08802
2.08555
2.08376
2.0828
2.95418
2.82086
2.70621
2.60832
2.52591
2.45799
2.40354
2.3612
2.32913
2.30495
2.28621
2.27098
2.25788
2.246
2.23475
2.22382
2.21306
2.20241
2.19186
2.18141
2.1711
2.16095
2.15102
2.14134
2.13197
2.12298
2.11442
2.10636
2.09884
2.09191
2.08559
2.07989
2.0748
2.0703
2.06636
2.06295
2.06008
2.05775
2.05606
2.05514
2.91557
2.78366
2.67036
2.57358
2.49192
2.42437
2.36991
2.32726
2.29472
2.27018
2.25133
2.23618
2.22329
2.21171
2.20083
2.19031
2.17997
2.16975
2.15961
2.14957
2.13964
2.12985
2.12025
2.11087
2.10178
2.09304
2.08472
2.07688
2.06957
2.06283
2.05671
2.05121
2.04631
2.04201
2.03826
2.03504
2.03233
2.03015
2.02856
2.02768
2.87962
2.74905
2.63704
2.54131
2.46034
2.39309
2.33855
2.29552
2.26242
2.23731
2.21812
2.20288
2.19006
2.17867
2.16806
2.15786
2.14787
2.138
2.12822
2.11852
2.10892
2.09944
2.09012
2.081
2.07215
2.06363
2.0555
2.04784
2.04071
2.03415
2.0282
2.02286
2.01814
2.01401
2.01043
2.00738
2.00482
2.00277
2.00127
2.00044
2.8461
2.71681
2.60604
2.51131
2.431
2.364
2.30934
2.26586
2.23212
2.20635
2.18661
2.17106
2.15817
2.14685
2.13641
2.12645
2.11674
2.10716
2.09768
2.08827
2.07894
2.06972
2.06064
2.05174
2.04309
2.03475
2.02679
2.01929
2.01231
2.00589
2.00008
1.99489
1.99031
1.98633
1.98291
1.98
1.97758
1.97565
1.97424
1.97346
2.81481
2.68674
2.57717
2.4834
2.40372
2.33696
2.28214
2.23818
2.20375
2.17722
2.15681
2.14077
2.12763
2.11625
2.10589
2.09608
2.08658
2.07723
2.06798
2.05881
2.04971
2.0407
2.03182
2.0231
2.01461
2.00643
1.99861
1.99124
1.98438
1.97808
1.97239
1.96732
1.96287
1.95902
1.95572
1.95295
1.95065
1.94882
1.94749
1.94675
2.78554
2.65866
2.55025
2.45744
2.37837
2.31183
2.25685
2.21239
2.17723
2.14988
2.12869
2.11204
2.09849
2.0869
2.07649
2.06675
2.05737
2.04819
2.03913
2.03014
2.02122
2.01238
2.00366
1.99509
1.98674
1.97867
1.97097
1.9637
1.95694
1.95075
1.94515
1.94018
1.93584
1.93209
1.92891
1.92624
1.92404
1.92231
1.92105
1.92035
2.75811
2.63237
2.52511
2.43324
2.3548
2.2885
2.23336
2.18841
2.1525
2.12428
2.10225
2.08487
2.07078
2.05885
2.04827
2.03848
2.02914
2.02006
2.01112
2.00227
1.99348
1.98478
1.97617
1.96772
1.95947
1.9515
1.94389
1.9367
1.93002
1.9239
1.91839
1.9135
1.90924
1.90558
1.90248
1.8999
1.8978
1.89614
1.89494
1.89427
2.73234
2.60771
2.50157
2.41067
2.33287
2.26683
2.21157
2.16614
2.12949
2.10039
2.07745
2.05926
2.04452
2.03213
2.02126
2.01132
2.00193
1.99286
1.98398
1.97521
1.96651
1.9579
1.94938
1.941
1.93283
1.92493
1.91738
1.91025
1.90363
1.89757
1.89212
1.88729
1.88309
1.8795
1.87647
1.87397
1.87193
1.87033
1.86918
1.86855
2.70805
2.58449
2.47949
2.38956
2.31244
2.24671
2.19137
2.14551
2.10815
2.07816
2.05428
2.03522
2.01974
2.00678
1.99551
1.98531
1.97578
1.96665
1.95775
1.949
1.94034
1.93177
1.92329
1.91496
1.90683
1.89897
1.89146
1.88438
1.8778
1.87178
1.86637
1.86158
1.85743
1.85388
1.8509
1.84845
1.84646
1.84491
1.8438
1.84319
2.68505
2.56256
2.45869
2.36977
2.29337
2.22801
2.17265
2.12642
2.08839
2.05755
2.03273
2.01275
1.99645
1.98283
1.97106
1.96051
1.95074
1.94146
1.93248
1.92368
1.915
1.90642
1.89795
1.88962
1.8815
1.87365
1.86616
1.85909
1.85253
1.84654
1.84115
1.83638
1.83225
1.82873
1.82578
1.82336
1.8214
1.81989
1.81881
1.81822
2.66319
2.54174
2.43902
2.35114
2.27553
2.2106
2.15531
2.10878
2.07016
2.0385
2.01275
1.99183
1.97468
1.96032
1.94795
1.93695
1.92685
1.91733
1.90819
1.89928
1.89052
1.88188
1.87337
1.86501
1.85687
1.84901
1.8415
1.83443
1.82786
1.82186
1.81648
1.81172
1.80759
1.80407
1.80113
1.79871
1.79677
1.79527
1.79421
1.79363
2.6423
2.52187
2.42031
2.33353
2.25877
2.19437
2.13923
2.09251
2.05337
2.02096
1.99433
1.97247
1.95442
1.93927
1.92623
1.91469
1.90417
1.89433
1.88495
1.87585
1.86696
1.85821
1.8496
1.84117
1.83297
1.82505
1.81751
1.8104
1.80381
1.79779
1.79238
1.7876
1.78345
1.77991
1.77695
1.77452
1.77257
1.77107
1.77001
1.76943
2.62219
2.50279
2.40242
2.31678
2.24296
2.17918
2.12431
2.07749
2.03794
2.00487
1.9774
1.95465
1.93569
1.9197
1.90593
1.89378
1.88276
1.87252
1.86281
1.85346
1.84435
1.83544
1.82669
1.81814
1.80984
1.80184
1.79421
1.78704
1.78039
1.77432
1.76886
1.76404
1.75984
1.75626
1.75325
1.75078
1.7488
1.74728
1.74621
1.74563
2.60273
2.48435
2.38518
2.30075
2.22797
2.16492
2.11042
2.06363
2.02378
1.99015
1.96193
1.93831
1.91848
1.90164
1.88709
1.87426
1.86267
1.85194
1.84183
1.83215
1.82277
1.81362
1.80469
1.79597
1.78752
1.77939
1.77166
1.76439
1.75765
1.75149
1.74595
1.74105
1.73677
1.73311
1.73003
1.72749
1.72546
1.72389
1.7228
1.72221
2.58374
2.46638
2.36846
2.28531
2.21365
2.15144
2.09746
2.05082
2.0108
1.97671
1.94784
1.92343
1.90275
1.88506
1.86972
1.85617
1.84394
1.83267
1.82208
1.812
1.80227
1.79283
1.78364
1.77471
1.76606
1.75777
1.74988
1.74247
1.7356
1.72932
1.72366
1.71864
1.71425
1.71048
1.70729
1.70465
1.70253
1.7009
1.69977
1.69916
2.5651
2.44876
2.35211
2.27031
2.19987
2.13864
2.08529
2.03894
1.99889
1.96448
1.93506
1.90995
1.88846
1.86996
1.85382
1.83951
1.8266
1.81472
1.8036
1.79305
1.78291
1.77311
1.76361
1.7544
1.74551
1.737
1.72891
1.72132
1.71427
1.70782
1.702
1.69682
1.69227
1.68835
1.68501
1.68224
1.68001
1.67829
1.67709
1.67645
2.54666
2.43136
2.33601
2.25563
2.18652
2.12638
2.07382
2.0279
1.98795
1.95335
1.9235
1.89777
1.87557
1.85628
1.83935
1.82429
1.81067
1.79814
1.78643
1.77534
1.76474
1.75452
1.74464
1.7351
1.72591
1.71712
1.70879
1.70096
1.69369
1.68702
1.68098
1.67559
1.67084
1.66671
1.66319
1.66025
1.65786
1.65602
1.65475
1.65407
2.52831
2.41405
2.32004
2.24114
2.17348
2.11456
2.06292
2.01758
1.97788
1.94323
1.91307
1.88684
1.86399
1.84398
1.8263
1.81048
1.79614
1.78293
1.77059
1.75892
1.74778
1.73709
1.72678
1.71685
1.7073
1.69818
1.68954
1.68141
1.67386
1.66692
1.66061
1.65495
1.64993
1.64556
1.6418
1.63864
1.63607
1.63408
1.6327
1.63197
2.50995
2.39675
2.3041
2.22675
2.16063
2.10307
2.05248
2.00788
1.96857
1.934
1.90366
1.87704
1.85364
1.83297
1.81458
1.79804
1.78297
1.76907
1.75607
1.74378
1.73207
1.72084
1.71005
1.69967
1.68971
1.6802
1.67118
1.6627
1.6548
1.64752
1.64088
1.63488
1.62955
1.62486
1.62081
1.61739
1.61459
1.61242
1.6109
1.61011
2.49152
2.37938
2.28811
2.21237
2.14788
2.0918
2.04241
1.99868
1.95991
1.92557
1.89517
1.86827
1.84442
1.82318
1.80414
1.7869
1.77113
1.75652
1.74285
1.72991
1.71759
1.70579
1.69446
1.68358
1.67314
1.66318
1.65373
1.64483
1.63652
1.62882
1.62177
1.61538
1.60965
1.60459
1.60019
1.59645
1.59338
1.59099
1.58932
1.58845
2.47296
2.3619
2.27203
2.19793
2.13515
2.08065
2.0326
1.98988
1.95179
1.91781
1.88749
1.86044
1.83624
1.8145
1.79487
1.77698
1.76052
1.74523
1.73088
1.71729
1.70433
1.69192
1.68001
1.66857
1.65761
1.64714
1.63719
1.62779
1.61899
1.61081
1.60328
1.59642
1.59022
1.58472
1.5799
1.57578
1.57239
1.56974
1.56789
1.56692
2.45427
2.3443
2.25581
2.18339
2.12238
2.06957
2.02295
1.98137
1.9441
1.91061
1.8805
1.8534
1.82895
1.80682
1.78666
1.76818
1.75108
1.73513
1.7201
1.70584
1.69223
1.67918
1.66666
1.65462
1.64308
1.63204
1.62152
1.61157
1.60221
1.59347
1.58538
1.57795
1.57122
1.5652
1.5599
1.55534
1.55157
1.54861
1.54655
1.54547
2.43547
2.32659
2.23948
2.16872
2.10952
2.05846
2.0134
1.97307
1.93672
1.90385
1.87407
1.84704
1.82245
1.8
1.77941
1.76039
1.74269
1.7261
1.71042
1.6955
1.68123
1.66753
1.65436
1.64169
1.62951
1.61785
1.60671
1.59613
1.58613
1.57675
1.56802
1.55996
1.55261
1.54598
1.54012
1.53506
1.53085
1.52755
1.52524
1.52403
2.41664
2.30882
2.22306
2.15394
2.09656
2.04729
2.00384
1.96487
1.92956
1.89742
1.86807
1.84122
1.8166
1.79393
1.77296
1.75347
1.73523
1.71804
1.70173
1.68617
1.67124
1.65687
1.64304
1.6297
1.61686
1.60452
1.5927
1.58142
1.57072
1.56062
1.55117
1.5424
1.53433
1.52703
1.52053
1.51489
1.51017
1.50646
1.50386
1.5025
2.39787
2.2911
2.20664
2.1391
2.08349
2.03602
1.99424
1.95669
1.92251
1.89119
1.86239
1.83582
1.81124
1.78844
1.76719
1.7473
1.72857
1.71082
1.69392
1.67773
1.66215
1.64712
1.63261
1.61859
1.60505
1.59199
1.57943
1.5674
1.55593
1.54505
1.53479
1.52522
1.51636
1.50829
1.50106
1.49476
1.48946
1.48528
1.48235
1.48082
2.3793
2.27356
2.19032
2.12427
2.07036
2.02466
1.98455
1.94845
1.91547
1.88506
1.85688
1.83068
1.80625
1.78341
1.76195
1.74173
1.72256
1.70431
1.68685
1.67006
1.65385
1.63817
1.62298
1.60826
1.59399
1.58019
1.56686
1.55402
1.54172
1.52998
1.51885
1.50839
1.49865
1.48972
1.48167
1.47461
1.46865
1.46393
1.4606
1.45887
2.3611
2.25634
2.17425
2.10958
2.05725
2.01323
1.97474
1.94012
1.90836
1.87892
1.85144
1.8257
1.8015
1.77868
1.7571
1.73661
1.71708
1.69838
1.6804
1.66304
1.64623
1.62991
1.61405
1.59863
1.58363
1.56905
1.55492
1.54124
1.52805
1.51539
1.50331
1.49189
1.48118
1.47128
1.46231
1.45438
1.44766
1.44231
1.43853
1.43655
2.34347
2.23964
2.1586
2.09516
2.04427
2.00179
1.96486
1.93166
1.90114
1.8727
1.84597
1.82074
1.79684
1.77414
1.7525
1.73182
1.71198
1.69289
1.67444
1.65656
1.63918
1.62225
1.60574
1.58962
1.57388
1.55853
1.54356
1.52901
1.5149
1.50127
1.48818
1.47571
1.46393
1.45297
1.44295
1.43404
1.42643
1.42033
1.41602
1.41375
2.32662
2.22365
2.14356
2.0812
2.03156
1.99048
1.95496
1.92312
1.8938
1.86635
1.84041
1.81575
1.79221
1.76967
1.74805
1.72724
1.70716
1.68773
1.66887
1.65051
1.6326
1.61509
1.59795
1.58116
1.5647
1.54857
1.53277
1.51733
1.50226
1.48762
1.47347
1.45987
1.44694
1.43479
1.4236
1.41355
1.4049
1.39792
1.39295
1.39033
2.31075
2.20857
2.12932
2.0679
2.01932
1.97942
1.94517
1.91456
1.88637
1.8599
1.83474
1.81067
1.78753
1.76522
1.74366
1.72279
1.70253
1.68282
1.6636
1.64482
1.62642
1.60838
1.59066
1.57322
1.55606
1.53917
1.52255
1.50621
1.49019
1.47451
1.45923
1.44444
1.43025
1.4168
1.40427
1.39291
1.38302
1.37497
1.36919
1.36614
2.29607
2.1946
2.11609
2.05545
2.00774
1.96883
1.93565
1.90612
1.87895
1.85339
1.829
1.80551
1.7828
1.76075
1.73932
1.71843
1.69805
1.67812
1.6586
1.63945
1.62063
1.6021
1.58383
1.5658
1.54798
1.53036
1.51294
1.49573
1.47874
1.462
1.44558
1.42954
1.41399
1.39909
1.38505
1.37216
1.36079
1.35141
1.34461
1.34099
2.28274
2.1819
2.10403
2.04404
1.99703
1.95891
1.9266
1.89798
1.87171
1.84697
1.82328
1.80036
1.77807
1.75631
1.73503
1.71418
1.69372
1.67363
1.65387
1.63441
1.61522
1.59627
1.57751
1.55893
1.5405
1.5222
1.50403
1.48597
1.46804
1.45026
1.43266
1.41532
1.39833
1.38184
1.36609
1.3514
1.33822
1.32717
1.31903
1.31465
2.27091
2.17063
2.09331
2.03384
1.98738
1.94988
1.91826
1.89039
1.86486
1.84083
1.81776
1.79536
1.77347
1.752
1.73088
1.7101
1.68961
1.66941
1.64947
1.62976
1.61026
1.59094
1.57176
1.55269
1.53371
1.5148
1.49592
1.47708
1.45825
1.43945
1.4207
1.40203
1.38353
1.36533
1.34766
1.33086
1.31545
1.30223
1.29227
1.28681
2.2607
2.16088
2.08402
2.02499
1.97897
1.94194
1.91085
1.88357
1.85865
1.83519
1.81265
1.79071
1.76918
1.74796
1.72702
1.70632
1.68584
1.66556
1.64548
1.62558
1.60584
1.58622
1.56668
1.5472
1.52774
1.50828
1.48879
1.46923
1.44958
1.42983
1.40996
1.38999
1.36996
1.34995
1.33016
1.3109
1.29274
1.27664
1.2641
1.25704
2.2522
2.15277
2.07628
2.01759
1.97191
1.93525
1.90459
1.87776
1.85332
1.83032
1.8082
1.78662
1.76539
1.7444
1.72361
1.703
1.68254
1.66223
1.64206
1.62202
1.60208
1.58222
1.5624
1.54258
1.52273
1.50282
1.4828
1.46262
1.44226
1.42165
1.40077
1.37958
1.35807
1.33624
1.31421
1.29218
1.27067
1.25072
1.23432
1.22463
2.2455
2.14637
2.07015
2.01172
1.96631
1.92996
1.89963
1.87316
1.84908
1.82643
1.80463
1.78333
1.76233
1.74152
1.72086
1.70031
1.67988
1.65956
1.63934
1.6192
1.59913
1.57909
1.55905
1.53898
1.51883
1.49856
1.47812
1.45746
1.43651
1.4152
1.39347
1.37123
1.34839
1.32489
1.30066
1.27573
1.25035
1.22533
1.20295
1.18841
2.24074
2.14182
2.06575
2.00748
1.96228
1.92617
1.89612
1.86992
1.84611
1.82371
1.80214
1.78102
1.76018
1.73949
1.71892
1.69843
1.67803
1.6577
1.63745
1.61726
1.5971
1.57694
1.55676
1.53652
1.51616
1.49565
1.47492
1.45392
1.43255
1.41074
1.38839
1.36536
1.3415
1.31665
1.29059
1.26305
1.2338
1.20279
1.17124
1.14624
2.23818
2.13936
2.06329
2.00509
1.96003
1.9241
1.89422
1.86821
1.84456
1.8223
1.80085
1.77984
1.75907
1.73845
1.71792
1.69747
1.67709
1.65677
1.6365
1.61628
1.59608
1.57587
1.55561
1.53528
1.51482
1.49419
1.47331
1.45212
1.43054
1.40847
1.38577
1.36232
1.3379
1.31229
1.28515
1.25599
1.22408
1.18822
1.14622
1.09588
)
;

boundaryField
{
    insulatedWall
    {
        type            calculated;
        value           nonuniform List<scalar> 
280
(
4.40746
4.23772
4.08977
3.96125
3.84975
3.75303
3.66903
3.5959
3.53202
3.47598
3.42655
3.38269
3.34349
3.30819
3.27613
3.24675
3.21955
3.19414
3.17014
3.14726
3.12522
3.1038
3.08281
3.06206
3.04143
3.02078
3.00001
2.97904
2.95779
2.9362
2.91423
2.89184
2.86901
2.84572
2.82196
2.79774
2.77306
2.74794
2.72239
2.69644
2.67011
2.64344
2.61646
2.5892
2.56169
2.53397
2.50607
2.47803
2.44986
2.42159
2.39326
2.36488
2.33648
2.30807
2.27967
2.2513
2.22297
2.1947
2.16651
2.13842
2.11045
2.08262
2.05496
2.0275
2.00026
1.97327
1.94656
1.92016
1.89409
1.86837
1.84301
1.81803
1.79344
1.76925
1.74545
1.72203
1.69898
1.67627
1.65389
1.63179
1.60993
1.58826
1.56673
1.54527
1.52382
1.50228
1.48058
1.45861
1.43627
1.41344
1.38998
1.36573
1.34051
1.31408
1.2861
1.2561
1.22332
1.18635
1.14211
1.08002
1.08005
1.14212
1.18617
1.22279
1.25507
1.28445
1.31173
1.33744
1.36192
1.38543
1.40816
1.43026
1.45187
1.47308
1.49397
1.51462
1.53509
1.55543
1.57569
1.59591
1.61612
1.63635
1.65662
1.67694
1.69734
1.7178
1.73833
1.75896
1.77974
1.80076
1.82222
1.84449
1.86815
1.89418
1.92406
1.96
2.00508
2.06328
2.13935
2.23818
2.23818
2.13935
2.06328
2.00508
1.96
1.92406
1.89418
1.86815
1.84449
1.82222
1.80076
1.77974
1.75896
1.73833
1.7178
1.69734
1.67694
1.65662
1.63635
1.61612
1.59591
1.57569
1.55543
1.53509
1.51462
1.49397
1.47308
1.45187
1.43026
1.40816
1.38543
1.36192
1.33744
1.31173
1.28445
1.25507
1.22279
1.18617
1.14212
1.08005
2.67011
2.64344
2.61646
2.5892
2.56169
2.53397
2.50607
2.47803
2.44986
2.42159
2.39326
2.36488
2.33648
2.30807
2.27967
2.2513
2.22297
2.1947
2.16651
2.13842
2.11045
2.08262
2.05496
2.0275
2.00026
1.97327
1.94656
1.92016
1.89409
1.86837
1.84301
1.81803
1.79344
1.76925
1.74545
1.72203
1.69898
1.67627
1.65389
1.63179
1.60993
1.58826
1.56673
1.54527
1.52382
1.50228
1.48058
1.45861
1.43627
1.41344
1.38998
1.36573
1.34051
1.31408
1.2861
1.2561
1.22332
1.18635
1.14211
1.08002
4.40746
4.23772
4.08977
3.96125
3.84975
3.75303
3.66903
3.5959
3.53202
3.47598
3.42655
3.38269
3.34349
3.30819
3.27613
3.24675
3.21955
3.19414
3.17014
3.14726
3.12522
3.1038
3.08281
3.06206
3.04143
3.02078
3.00001
2.97904
2.95779
2.9362
2.91423
2.89184
2.86901
2.84572
2.82196
2.79774
2.77306
2.74794
2.72239
2.69644
)
;
    }
    electrodeHV
    {
        type            calculated;
        value           nonuniform List<scalar> 
140
(
13.4424
8.05344
6.39641
5.60491
5.11998
4.77887
4.51886
4.31034
4.13722
3.98984
3.862
3.74949
3.64931
3.55932
3.47787
3.40371
3.33586
3.27355
3.21614
3.1631
3.11399
3.06845
3.02615
2.9868
2.95016
2.91599
2.88407
2.85422
2.82623
2.79991
2.7751
2.75161
2.72927
2.7079
2.68734
2.66742
2.64799
2.6289
2.61001
2.59121
2.5724
2.55351
2.53448
2.51532
2.49604
2.47672
2.45746
2.43841
2.41975
2.40167
2.38439
2.36812
2.35307
2.33941
2.3273
2.31684
2.30814
2.30127
2.29638
2.2937
14.6411
9.60103
8.11886
7.46954
7.11355
6.89397
6.75141
6.65892
6.60291
6.57641
6.57641
6.60291
6.65892
6.75141
6.89397
7.11355
7.46954
8.11886
9.60103
14.6411
13.4424
8.05344
6.39641
5.60491
5.11998
4.77887
4.51886
4.31034
4.13722
3.98984
3.862
3.74949
3.64931
3.55932
3.47787
3.40371
3.33586
3.27355
3.21614
3.1631
3.11399
3.06845
3.02615
2.9868
2.95016
2.91599
2.88407
2.85422
2.82623
2.79991
2.7751
2.75161
2.72927
2.7079
2.68734
2.66742
2.64799
2.6289
2.61001
2.59121
2.5724
2.55351
2.53448
2.51532
2.49604
2.47672
2.45746
2.43841
2.41975
2.40167
2.38439
2.36812
2.35307
2.33941
2.3273
2.31684
2.30814
2.30127
2.29638
2.2937
)
;
    }
    electrodeG
    {
        type            calculated;
        value           nonuniform List<scalar> 
100
(
4.49842
4.50017
4.50288
4.50636
4.51058
4.51552
4.52119
4.52757
4.53466
4.54243
4.55087
4.55995
4.56965
4.57993
4.59078
4.60216
4.61404
4.62639
4.63917
4.65234
4.66587
4.67972
4.69384
4.70819
4.72272
4.73738
4.75212
4.76689
4.78162
4.79627
4.81076
4.82506
4.8391
4.85283
4.8662
4.87914
4.89159
4.90348
4.91476
4.92536
4.93522
4.94427
4.95246
4.95974
4.96607
4.9714
4.9757
4.97895
4.98113
4.98223
4.98223
4.98113
4.97895
4.9757
4.9714
4.96607
4.95974
4.95246
4.94427
4.93522
4.92536
4.91476
4.90348
4.89159
4.87914
4.8662
4.85283
4.8391
4.82506
4.81076
4.79627
4.78162
4.76689
4.75212
4.73738
4.72272
4.70819
4.69384
4.67972
4.66587
4.65234
4.63917
4.62639
4.61404
4.60216
4.59078
4.57993
4.56965
4.55995
4.55087
4.54243
4.53466
4.52757
4.52119
4.51552
4.51058
4.50636
4.50288
4.50017
4.49842
)
;
    }
    frontAndBack
    {
        type            empty;
    }
}


// ************************************************************************* //
