/*--------------------------------*- C++ -*----------------------------------*\
  =========                 |
  \\      /  F ield         | OpenFOAM: The Open Source CFD Toolbox
   \\    /   O peration     | Website:  https://openfoam.org
    \\  /    A nd           | Version:  6
     \\/     M anipulation  |
\*---------------------------------------------------------------------------*/
FoamFile
{
    version     2.0;
    format      ascii;
    class       volScalarField;
    location    "10";
    object      fw;
}
// * * * * * * * * * * * * * * * * * * * * * * * * * * * * * * * * * * * * * //

dimensions      [0 0 0 0 0 0 0];

internalField   nonuniform List<scalar> 
8800
(
4.40761
4.40914
4.41169
4.41506
4.41918
4.42403
4.42959
4.43586
4.44282
4.45046
4.45875
4.46767
4.4772
4.48732
4.49798
4.50918
4.52087
4.53302
4.5456
4.55857
4.5719
4.58555
4.59947
4.61362
4.62796
4.64243
4.65698
4.67157
4.68613
4.7006
4.71494
4.72909
4.74298
4.75658
4.76981
4.78262
4.79495
4.80673
4.81791
4.8284
4.23786
4.23916
4.24149
4.24466
4.2486
4.25327
4.25864
4.2647
4.27143
4.27882
4.28685
4.2955
4.30475
4.31457
4.32493
4.33582
4.34719
4.35901
4.37127
4.38391
4.39691
4.41023
4.42382
4.43765
4.45166
4.46582
4.48006
4.49434
4.5086
4.52279
4.53685
4.55073
4.56438
4.57774
4.59075
4.60336
4.61549
4.62708
4.63807
4.6484
4.0899
4.0912
4.09344
4.09649
4.10028
4.10479
4.10999
4.11587
4.12241
4.1296
4.13741
4.14583
4.15484
4.16442
4.17454
4.18517
4.19628
4.20786
4.21986
4.23225
4.245
4.25808
4.27143
4.28503
4.29882
4.31276
4.32679
4.34088
4.35495
4.36897
4.38287
4.39662
4.41015
4.4234
4.43632
4.44884
4.4609
4.47243
4.48336
4.49364
3.96137
3.96268
3.96489
3.96787
3.97156
3.97595
3.98101
3.98674
3.99312
4.00014
4.00778
4.01602
4.02484
4.03423
4.04416
4.0546
4.06553
4.07693
4.08875
4.10098
4.11358
4.1265
4.13972
4.15319
4.16687
4.18071
4.19466
4.20867
4.22268
4.23666
4.25055
4.26431
4.27786
4.29116
4.30412
4.3167
4.32882
4.34041
4.35141
4.36176
3.84987
3.85118
3.85337
3.85631
3.85993
3.86423
3.86919
3.8748
3.88106
3.88795
3.89546
3.90357
3.91227
3.92153
3.93133
3.94166
3.95248
3.96378
3.97552
3.98768
4.00022
4.0131
4.02629
4.03976
4.05344
4.06731
4.08131
4.09538
4.10948
4.12358
4.13761
4.15153
4.16526
4.17874
4.1919
4.20467
4.21699
4.22878
4.23997
4.25051
3.75313
3.75444
3.75661
3.75951
3.76309
3.76733
3.77222
3.77776
3.78393
3.79074
3.79817
3.80621
3.81483
3.82403
3.83379
3.84407
3.85488
3.86617
3.87792
3.89011
3.9027
3.91566
3.92895
3.94253
3.95636
3.97039
3.98458
3.99887
4.01322
4.02759
4.04193
4.05616
4.07021
4.08402
4.09752
4.11062
4.12327
4.13538
4.14689
4.15772
3.66912
3.6704
3.67255
3.67542
3.67896
3.68316
3.68801
3.69351
3.69965
3.70643
3.71383
3.72185
3.73047
3.73968
3.74946
3.7598
3.77066
3.78205
3.79391
3.80624
3.819
3.83216
3.84567
3.85951
3.87362
3.88796
3.90249
3.91715
3.9319
3.94671
3.9615
3.97618
3.9907
4.00498
4.01894
4.03251
4.0456
4.05815
4.07008
4.08132
3.59598
3.59722
3.59934
3.60218
3.6057
3.60989
3.61473
3.62022
3.62637
3.63316
3.64059
3.64866
3.65734
3.66664
3.67652
3.68699
3.69802
3.70959
3.72168
3.73427
3.74731
3.76078
3.77465
3.78887
3.8034
3.81819
3.8332
3.84838
3.8637
3.87908
3.89445
3.90972
3.92484
3.93971
3.95425
3.96839
3.98205
3.99514
4.00759
4.01932
3.53209
3.53328
3.53536
3.53818
3.54169
3.54588
3.55074
3.55627
3.56246
3.56932
3.57684
3.58501
3.59383
3.60328
3.61336
3.62405
3.63533
3.64719
3.6596
3.67254
3.68599
3.6999
3.71424
3.72897
3.74405
3.75943
3.77506
3.7909
3.8069
3.82297
3.83904
3.85503
3.87085
3.88642
3.90166
3.91648
3.93079
3.94451
3.95756
3.96986
3.47604
3.47718
3.4792
3.482
3.48552
3.48973
3.49464
3.50024
3.50652
3.5135
3.52115
3.52949
3.53851
3.54819
3.55854
3.56953
3.58115
3.59339
3.60622
3.61963
3.63357
3.64803
3.66296
3.67832
3.69406
3.71015
3.72652
3.74314
3.75994
3.77682
3.7937
3.8105
3.82713
3.8435
3.85952
3.8751
3.89014
3.90457
3.9183
3.93123
3.4266
3.42768
3.42966
3.43244
3.43598
3.44024
3.44522
3.45091
3.45733
3.46446
3.47231
3.48088
3.49015
3.50013
3.51081
3.52218
3.53422
3.54692
3.56027
3.57422
3.58877
3.60387
3.61948
3.63557
3.65209
3.66899
3.68621
3.70371
3.7214
3.73918
3.75697
3.77467
3.7922
3.80945
3.82633
3.84275
3.85861
3.87381
3.88827
3.9019
3.38272
3.38375
3.38569
3.38847
3.39203
3.39635
3.40143
3.40726
3.41384
3.42117
3.42926
3.4381
3.44769
3.45802
3.4691
3.48091
3.49345
3.50668
3.52061
3.5352
3.55043
3.56625
3.58264
3.59955
3.61694
3.63474
3.6529
3.67136
3.69002
3.70879
3.72757
3.74626
3.76476
3.78297
3.80079
3.81812
3.83485
3.85089
3.86615
3.88053
3.34351
3.34449
3.3464
3.34917
3.35277
3.35718
3.36238
3.36836
3.37514
3.38271
3.39108
3.40023
3.41018
3.42093
3.43246
3.44477
3.45785
3.47169
3.48626
3.50155
3.51753
3.53416
3.5514
3.5692
3.58752
3.6063
3.62549
3.64498
3.66469
3.68452
3.70437
3.72412
3.74367
3.76292
3.78174
3.80005
3.81772
3.83467
3.85078
3.86596
3.3082
3.30914
3.31102
3.3138
3.31746
3.32196
3.32729
3.33346
3.34046
3.3483
3.35697
3.36648
3.37683
3.38802
3.40005
3.41291
3.42659
3.44107
3.45635
3.4724
3.48918
3.50667
3.52482
3.54359
3.56292
3.58275
3.60301
3.62361
3.64445
3.66541
3.68639
3.70728
3.72796
3.74831
3.76822
3.78758
3.80626
3.82417
3.8412
3.85725
3.27613
3.27703
3.27889
3.2817
3.28542
3.29003
3.29552
3.30189
3.30913
3.31726
3.32626
3.33616
3.34694
3.35861
3.37117
3.38461
3.39893
3.4141
3.43013
3.44698
3.46462
3.48302
3.50213
3.52192
3.54231
3.56325
3.58465
3.60642
3.62845
3.65061
3.67281
3.69491
3.71679
3.73833
3.75941
3.77989
3.79967
3.81863
3.83666
3.85364
3.24674
3.24762
3.24947
3.2523
3.25609
3.26082
3.26648
3.27306
3.28057
3.289
3.29836
3.30866
3.3199
3.33207
3.34519
3.35924
3.37422
3.39012
3.40693
3.42461
3.44315
3.46251
3.48263
3.50348
3.52499
3.54709
3.5697
3.5927
3.61599
3.63943
3.66292
3.68632
3.7095
3.73232
3.75464
3.77635
3.79732
3.81741
3.83652
3.85452
3.21955
3.2204
3.22226
3.22513
3.229
3.23386
3.2397
3.2465
3.25428
3.26303
3.27276
3.28347
3.29518
3.30787
3.32157
3.33625
3.35192
3.36857
3.38618
3.40474
3.4242
3.44455
3.46572
3.48768
3.51036
3.53368
3.55755
3.58185
3.60647
3.63128
3.65615
3.68094
3.70551
3.72971
3.7534
3.77644
3.7987
3.82004
3.84034
3.85946
3.19413
3.19498
3.19685
3.19976
3.20372
3.20872
3.21473
3.22177
3.22982
3.2389
3.249
3.26014
3.27233
3.28556
3.29984
3.31517
3.33154
3.34896
3.3674
3.38684
3.40726
3.42863
3.45089
3.474
3.4979
3.5225
3.54769
3.57337
3.5994
3.62567
3.65201
3.6783
3.70437
3.73007
3.75525
3.77976
3.80345
3.82617
3.84778
3.86814
3.17014
3.17099
3.17288
3.17585
3.1799
3.18503
3.19123
3.19849
3.20683
3.21623
3.22672
3.23829
3.25095
3.26472
3.2796
3.29558
3.31267
3.33086
3.35014
3.3705
3.3919
3.41431
3.4377
3.46201
3.48717
3.5131
3.53969
3.56682
3.59436
3.62218
3.65012
3.67802
3.70573
3.73308
3.7599
3.78603
3.8113
3.83555
3.85864
3.88039
3.14726
3.14812
3.15004
3.15306
3.15721
3.16248
3.16886
3.17636
3.18497
3.1947
3.20556
3.21756
3.23071
3.24502
3.26049
3.27713
3.29494
3.31391
3.33405
3.35533
3.37773
3.40123
3.42577
3.45132
3.4778
3.50512
3.53318
3.56184
3.59099
3.62048
3.65014
3.67981
3.70931
3.73847
3.76711
3.79504
3.82209
3.84808
3.87282
3.89614
3.12523
3.12611
3.12806
3.13115
3.1354
3.1408
3.14737
3.15509
3.16398
3.17403
3.18526
3.19769
3.21131
3.22615
3.24221
3.2595
3.27803
3.2978
3.31879
3.34101
3.36443
3.38903
3.41477
3.4416
3.46945
3.49823
3.52783
3.55814
3.58901
3.62029
3.65182
3.68341
3.7149
3.74607
3.77674
3.80671
3.83577
3.86372
3.89035
3.91545
3.10382
3.10472
3.10671
3.10987
3.11422
3.11976
3.1265
3.13445
3.1436
3.15396
3.16556
3.1784
3.19249
3.20785
3.2245
3.24244
3.26168
3.28224
3.3041
3.32726
3.35172
3.37744
3.4044
3.43256
3.46183
3.49214
3.52338
3.55543
3.58815
3.62137
3.65494
3.68866
3.72234
3.75576
3.78872
3.821
3.85235
3.88254
3.91133
3.93847
3.08283
3.08376
3.0858
3.08903
3.09347
3.09915
3.10606
3.11422
3.12363
3.1343
3.14624
3.15948
3.17403
3.1899
3.20712
3.2257
3.24565
3.26699
3.28971
3.31383
3.33933
3.3662
3.39442
3.42394
3.4547
3.48661
3.51958
3.55348
3.58819
3.62353
3.65933
3.6954
3.73152
3.76748
3.80305
3.83796
3.87194
3.90472
3.936
3.9655
3.0621
3.06306
3.06515
3.06844
3.07299
3.07879
3.08587
3.09423
3.10388
3.11484
3.12712
3.14075
3.15573
3.1721
3.18988
3.20908
3.22972
3.25183
3.27542
3.30049
3.32704
3.35508
3.38458
3.41551
3.4478
3.4814
3.5162
3.55209
3.58893
3.62658
3.66483
3.70351
3.74238
3.78122
3.81976
3.8577
3.89474
3.93053
3.96472
3.99694
3.04148
3.04247
3.04461
3.04797
3.05261
3.05854
3.06577
3.07432
3.0842
3.09544
3.10804
3.12203
3.13743
3.15428
3.17259
3.1924
3.21372
3.23659
3.26102
3.28704
3.31466
3.34387
3.37468
3.40705
3.44094
3.47629
3.51303
3.55103
3.59019
3.63034
3.67131
3.7129
3.75488
3.79699
3.83896
3.88043
3.92104
3.96037
3.99796
4.03339
3.02085
3.02187
3.02405
3.02749
3.03221
3.03826
3.04564
3.05437
3.06446
3.07595
3.08885
3.10318
3.11898
3.13628
3.15511
3.17549
3.19748
3.22109
3.24636
3.27332
3.30199
3.33239
3.36451
3.39836
3.4339
3.47108
3.50985
3.55012
3.59177
3.63466
3.67862
3.72347
3.76897
3.81485
3.8608
3.90642
3.95125
3.99477
4.03641
4.07563
3.00009
3.00114
3.00338
3.00688
3.01169
3.01784
3.02535
3.03425
3.04454
3.05626
3.06943
3.08409
3.10026
3.11798
3.13729
3.15824
3.18085
3.20518
3.23126
3.25914
3.28886
3.32044
3.35389
3.38924
3.42647
3.46556
3.50647
3.54913
3.59346
3.63934
3.68662
3.73512
3.78464
3.83488
3.88549
3.93601
3.98588
4.03443
4.08094
4.12469
2.97913
2.98021
2.9825
2.98606
2.99095
2.9972
3.00483
3.01387
3.02434
3.03627
3.0497
3.06464
3.08116
3.09927
3.11904
3.14051
3.16372
3.18873
3.2156
3.24438
3.27512
3.30786
3.34264
3.37949
3.41845
3.4595
3.50264
3.54784
3.59505
3.64418
3.69512
3.74774
3.80184
3.85715
3.91326
3.96965
4.0256
4.08027
4.1327
4.18194
2.9579
2.959
2.96133
2.96495
2.96991
2.97625
2.98398
2.99315
3.00378
3.0159
3.02955
3.04476
3.06158
3.08006
3.10025
3.1222
3.14597
3.17163
3.19925
3.22889
3.26061
3.29448
3.33057
3.36893
3.40962
3.45268
3.49813
3.54599
3.59626
3.64891
3.70391
3.76115
3.82051
3.88173
3.94439
4.00786
4.07125
4.13346
4.1932
4.24918
2.93632
2.93746
2.93983
2.9435
2.94852
2.95493
2.96275
2.97203
2.9828
2.99508
3.00892
3.02437
3.04147
3.06027
3.08083
3.10323
3.12752
3.15378
3.18209
3.21254
3.2452
3.28016
3.31752
3.35736
3.39977
3.44484
3.49266
3.54328
3.59679
3.65324
3.71268
3.77512
3.84052
3.90867
3.97916
4.05125
4.12385
4.19549
4.26443
4.32887
2.91436
2.91552
2.91793
2.92164
2.92671
2.93318
2.94109
2.95046
2.96134
2.97376
2.98777
3.00341
3.02075
3.03983
3.06073
3.08352
3.10828
3.13509
3.16404
3.19523
3.22876
3.26474
3.3033
3.34456
3.38866
3.43573
3.48592
3.53938
3.59627
3.65677
3.72106
3.78931
3.86161
3.9379
4.0178
4.1005
4.18464
4.26829
4.34903
4.42425
2.89198
2.89316
2.8956
2.89935
2.90446
2.91098
2.91895
2.92839
2.93936
2.95189
2.96603
2.98185
2.99938
3.01871
3.0399
3.06303
3.0882
3.11548
3.145
3.17684
3.21116
3.24807
3.28775
3.33034
3.37605
3.42505
3.47758
3.53389
3.59425
3.65901
3.72853
3.80321
3.88339
3.96922
4.06046
4.15629
4.25508
4.35428
4.45053
4.53974
2.86916
2.87036
2.87282
2.8766
2.88174
2.8883
2.8963
2.9058
2.91683
2.92945
2.9437
2.95964
2.97734
2.99686
3.01829
3.04171
3.06722
3.0949
3.12489
3.1573
3.19229
3.23002
3.27069
3.3145
3.36168
3.4125
3.46727
3.52637
3.59022
3.65936
3.73443
3.81615
3.90521
4.00214
4.10704
4.21921
4.33681
4.45659
4.57362
4.68159
2.84588
2.84709
2.84957
2.85337
2.85853
2.86511
2.87314
2.88267
2.89375
2.90642
2.92075
2.93679
2.95461
2.97429
2.9959
3.01954
3.0453
3.07329
3.10365
3.13651
3.17206
3.21047
3.25197
3.29682
3.3453
3.39775
3.45459
3.51632
3.58356
3.65711
3.73793
3.82717
3.92609
4.03581
4.15704
4.28953
4.43151
4.57894
4.72465
4.85878
2.82213
2.82335
2.82584
2.82965
2.83482
2.84141
2.84945
2.859
2.8701
2.88281
2.89718
2.91329
2.93119
2.95097
2.97271
2.99649
3.02242
3.05062
3.08123
3.11442
3.15037
3.18929
3.23144
3.27711
3.32666
3.38049
3.43913
3.50322
3.57362
3.6514
3.73796
3.83503
3.9446
4.06875
4.20924
4.36685
4.54053
4.72563
4.91232
5.08498
2.79791
2.79914
2.80163
2.80545
2.81062
2.8172
2.82524
2.83479
2.84589
2.85861
2.87301
2.88914
2.90709
2.92691
2.9487
2.97254
2.99855
3.02686
3.05761
3.09097
3.12715
3.16639
3.20896
3.25521
3.30552
3.3604
3.42047
3.48653
3.55967
3.64129
3.7333
3.83814
3.95878
4.09866
4.26125
4.44942
4.66398
4.90101
5.1485
5.38169
2.77323
2.77446
2.77696
2.78077
2.78593
2.7925
2.80053
2.81006
2.82115
2.83386
2.84825
2.86438
2.88231
2.90212
2.92389
2.94771
2.9737
3.00199
3.03274
3.06612
3.10236
3.14169
3.18443
3.23095
3.28169
3.33721
3.39824
3.46573
3.54099
3.6258
3.72258
3.8346
3.96606
4.12218
4.30902
4.53301
4.79914
5.108
5.44825
5.78454
2.74811
2.74934
2.75183
2.75563
2.76077
2.76732
2.77532
2.78483
2.79589
2.80858
2.82293
2.83901
2.85688
2.87661
2.89828
2.922
2.94787
2.97603
3.00663
3.03987
3.07595
3.11515
3.15778
3.20424
3.25501
3.31071
3.37214
3.44038
3.51695
3.60396
3.70438
3.8223
3.96331
4.13478
4.34625
4.6095
4.93788
5.34358
5.82727
6.35493
2.72257
2.72379
2.72627
2.73004
2.73517
2.74169
2.74965
2.75913
2.77015
2.78278
2.79706
2.81305
2.8308
2.8504
2.87191
2.89543
2.92108
2.94898
2.97929
3.0122
3.04792
3.08674
3.12898
3.17503
3.22541
3.28077
3.34196
3.41016
3.48705
3.575
3.67743
3.7992
3.94718
4.13097
4.36405
4.6653
5.06176
5.58982
6.29147
7.19313
2.69662
2.69783
2.70029
2.70405
2.70914
2.71563
2.72356
2.73299
2.74395
2.75649
2.77067
2.78653
2.80412
2.82352
2.8448
2.86804
2.89335
2.92087
2.95073
2.98314
3.0183
3.05649
3.09803
3.14333
3.19289
3.24736
3.30764
3.37494
3.45102
3.53842
3.64085
3.76368
3.91466
4.1051
4.35176
4.68077
5.13638
5.7969
6.80734
8.43164
4.83816
4.84713
4.85524
4.86245
4.86872
4.874
4.87826
4.88148
4.88363
4.88472
4.88472
4.88363
4.88148
4.87826
4.874
4.86872
4.86245
4.85524
4.84713
4.83816
4.65801
4.66683
4.67482
4.68192
4.68809
4.69329
4.69749
4.70066
4.70278
4.70384
4.70385
4.70278
4.70066
4.69749
4.69329
4.68809
4.68193
4.67482
4.66684
4.65801
4.5032
4.51199
4.51994
4.52702
4.53316
4.53834
4.54252
4.54568
4.54779
4.54885
4.54885
4.54779
4.54568
4.54252
4.53834
4.53316
4.52702
4.51994
4.51199
4.5032
4.37139
4.38024
4.38825
4.39538
4.40158
4.4068
4.41102
4.41421
4.41634
4.4174
4.4174
4.41634
4.41421
4.41102
4.40681
4.40158
4.39539
4.38826
4.38024
4.37139
4.26031
4.26933
4.2775
4.28477
4.29109
4.29642
4.30073
4.30398
4.30615
4.30724
4.30724
4.30615
4.30398
4.30073
4.29642
4.29109
4.28477
4.2775
4.26933
4.26032
4.16781
4.17709
4.18551
4.193
4.19951
4.205
4.20944
4.21279
4.21504
4.21616
4.21616
4.21504
4.21279
4.20944
4.205
4.19951
4.193
4.18551
4.1771
4.16781
4.09179
4.10142
4.11016
4.11794
4.12471
4.13042
4.13503
4.13852
4.14085
4.14202
4.14202
4.14085
4.13852
4.13503
4.13042
4.12471
4.11794
4.11016
4.10142
4.09179
4.03025
4.04031
4.04944
4.05757
4.06465
4.07062
4.07545
4.0791
4.08155
4.08277
4.08277
4.08155
4.0791
4.07545
4.07062
4.06465
4.05758
4.04944
4.04032
4.03025
3.98133
3.99188
4.00146
4.01
4.01743
4.0237
4.02878
4.03261
4.03518
4.03647
4.03647
4.03518
4.03261
4.02878
4.0237
4.01743
4.01
4.00147
3.99189
3.98133
3.94329
3.9544
3.96448
3.97347
3.98129
3.9879
3.99324
3.99728
3.99999
4.00135
4.00135
3.99999
3.99728
3.99324
3.9879
3.98129
3.97347
3.96448
3.9544
3.94329
3.91461
3.92632
3.93694
3.94641
3.95466
3.96163
3.96727
3.97153
3.97439
3.97583
3.97583
3.97439
3.97153
3.96727
3.96163
3.95466
3.94642
3.93694
3.92632
3.91461
3.89393
3.90628
3.9175
3.92749
3.93619
3.94355
3.9495
3.954
3.95702
3.95853
3.95853
3.95702
3.954
3.9495
3.94355
3.93619
3.92749
3.9175
3.90628
3.89393
3.88012
3.89316
3.90499
3.91555
3.92474
3.93251
3.93879
3.94354
3.94673
3.94833
3.94833
3.94673
3.94354
3.93879
3.93251
3.92474
3.91555
3.90499
3.89316
3.88012
3.87221
3.886
3.89851
3.90966
3.91937
3.92757
3.93421
3.93923
3.9426
3.94429
3.94429
3.9426
3.93923
3.93421
3.92757
3.91937
3.90966
3.89851
3.886
3.87221
3.86947
3.88405
3.89729
3.90908
3.91935
3.92803
3.93505
3.94035
3.94391
3.94569
3.9457
3.94391
3.94035
3.93505
3.92803
3.91935
3.90908
3.89729
3.88405
3.86947
3.8713
3.88675
3.90078
3.91327
3.92415
3.93333
3.94075
3.94636
3.95013
3.95201
3.95201
3.95013
3.94636
3.94075
3.93333
3.92415
3.91327
3.90078
3.88675
3.8713
3.87728
3.89369
3.90857
3.92183
3.93336
3.9431
3.95096
3.9569
3.96089
3.96289
3.96289
3.96089
3.9569
3.95096
3.9431
3.93336
3.92183
3.90857
3.89369
3.87728
3.88712
3.90459
3.92042
3.93452
3.94678
3.95711
3.96545
3.97176
3.97598
3.97809
3.97809
3.97598
3.97176
3.96545
3.95711
3.94678
3.93452
3.92042
3.90459
3.88712
3.90066
3.91931
3.93621
3.95123
3.96429
3.97528
3.98415
3.99084
3.99531
3.99756
3.99756
3.99531
3.99084
3.98415
3.97528
3.96429
3.95123
3.93621
3.91931
3.90066
3.91787
3.93785
3.95593
3.97199
3.98592
3.99764
4.00708
4.01419
4.01895
4.02133
4.02133
4.01895
4.01419
4.00708
3.99764
3.98592
3.97199
3.95593
3.93785
3.91787
3.93883
3.96031
3.97973
3.99694
4.01185
4.02436
4.03441
4.04198
4.04704
4.04957
4.04957
4.04704
4.04198
4.03441
4.02436
4.01185
3.99694
3.97973
3.96031
3.93883
3.96374
3.98693
4.00784
4.02635
4.04233
4.05571
4.06644
4.0745
4.07987
4.08255
4.08255
4.07987
4.0745
4.06644
4.05571
4.04233
4.02635
4.00784
3.98692
3.96374
3.99293
4.01806
4.04068
4.06063
4.0778
4.09212
4.10357
4.11215
4.11786
4.12071
4.12071
4.11786
4.11215
4.10357
4.09212
4.0778
4.06063
4.04068
4.01806
3.99293
4.02688
4.05424
4.07879
4.10035
4.11882
4.13417
4.14639
4.15551
4.16156
4.16458
4.16458
4.16156
4.15551
4.14639
4.13417
4.11882
4.10035
4.07879
4.05424
4.02688
4.06625
4.09618
4.12291
4.14627
4.16617
4.18261
4.19562
4.20527
4.21166
4.21483
4.21483
4.21166
4.20527
4.19562
4.18261
4.16617
4.14627
4.12291
4.09617
4.06625
4.11191
4.14481
4.17403
4.19939
4.22081
4.23835
4.25212
4.26227
4.26894
4.27225
4.27225
4.26894
4.26227
4.25212
4.23835
4.22081
4.19939
4.17403
4.14481
4.1119
4.16501
4.20138
4.23343
4.26095
4.28394
4.30253
4.31697
4.32752
4.3344
4.3378
4.3378
4.3344
4.32752
4.31697
4.30253
4.28394
4.26095
4.23343
4.20138
4.16501
4.22711
4.26754
4.30275
4.33255
4.35706
4.37658
4.39151
4.40227
4.40922
4.41262
4.41262
4.40922
4.40227
4.39151
4.37658
4.35706
4.33255
4.30274
4.26754
4.22711
4.30024
4.3454
4.3841
4.41623
4.44209
4.46223
4.47732
4.48798
4.49476
4.49806
4.49805
4.49476
4.48798
4.47732
4.46223
4.44209
4.41622
4.38409
4.3454
4.30024
4.3871
4.43778
4.48026
4.5146
4.54141
4.56163
4.57629
4.58635
4.5926
4.59559
4.59559
4.5926
4.58635
4.57629
4.56163
4.54141
4.51459
4.48026
4.43778
4.3871
4.49134
4.54847
4.5949
4.63101
4.65796
4.67729
4.6906
4.69928
4.70444
4.70683
4.70683
4.70444
4.69928
4.6906
4.67729
4.65796
4.63101
4.5949
4.54847
4.49134
4.61801
4.68265
4.73288
4.76972
4.7953
4.81214
4.82263
4.82877
4.83204
4.83344
4.83344
4.83204
4.82877
4.82263
4.81214
4.7953
4.76971
4.73287
4.68265
4.61801
4.77429
4.84753
4.90068
4.93609
4.95764
4.96939
4.97486
4.97677
4.97705
4.97691
4.97691
4.97705
4.97677
4.97486
4.96939
4.95764
4.93609
4.90068
4.84753
4.77429
4.97081
5.05353
5.10704
5.13674
5.14967
5.15226
5.14951
5.14492
5.14077
5.13838
5.13838
5.14076
5.14492
5.14951
5.15226
5.14967
5.13674
5.10704
5.05353
4.97081
5.22427
5.31608
5.36371
5.37946
5.37611
5.36348
5.34815
5.33414
5.3238
5.31836
5.31836
5.3238
5.33414
5.34815
5.36348
5.37611
5.37946
5.3637
5.31607
5.22426
5.563
5.65925
5.68626
5.67262
5.64074
5.60437
5.57095
5.54418
5.52578
5.51645
5.51645
5.52578
5.54418
5.57095
5.60437
5.64074
5.67262
5.68626
5.65925
5.563
6.04212
6.12248
6.0941
6.02289
5.9442
5.87334
5.81586
5.77313
5.74505
5.73116
5.73116
5.74505
5.77313
5.81586
5.87334
5.94419
6.02288
6.0941
6.12248
6.04212
6.79037
6.77092
6.6053
6.42903
6.28002
6.16391
6.0777
6.01713
5.97868
5.96003
5.96003
5.97868
6.01713
6.0777
6.16391
6.28002
6.42903
6.6053
6.77092
6.79037
8.19196
7.69557
7.21321
6.86822
6.62912
6.46302
6.34805
6.27072
6.22292
6.20006
6.20006
6.22292
6.27072
6.34805
6.46301
6.62912
6.86822
7.21321
7.69557
8.19196
11.821
8.87301
7.81358
7.27537
6.95627
6.75187
6.61666
6.52809
6.47416
6.44858
6.44858
6.47416
6.52808
6.61666
6.75187
6.95627
7.27537
7.81358
8.87301
11.821
4.8284
4.81791
4.80674
4.79496
4.78263
4.76981
4.75658
4.74299
4.72909
4.71495
4.70061
4.68613
4.67157
4.65699
4.64243
4.62796
4.61363
4.59947
4.58555
4.57191
4.55858
4.5456
4.53302
4.52087
4.50918
4.49799
4.48732
4.47721
4.46768
4.45875
4.45046
4.44283
4.43587
4.4296
4.42403
4.41919
4.41507
4.4117
4.40915
4.40762
4.6484
4.63807
4.62708
4.61549
4.60336
4.59076
4.57775
4.56439
4.55074
4.53686
4.5228
4.50861
4.49435
4.48007
4.46582
4.45167
4.43766
4.42383
4.41024
4.39692
4.38392
4.37127
4.35902
4.34719
4.33582
4.32494
4.31457
4.30476
4.29551
4.28686
4.27883
4.27143
4.2647
4.25864
4.25327
4.2486
4.24466
4.24149
4.23916
4.23786
4.49364
4.48336
4.47243
4.4609
4.44885
4.43633
4.42341
4.41015
4.39662
4.38287
4.36897
4.35496
4.34088
4.3268
4.31276
4.29882
4.28503
4.27144
4.25808
4.24501
4.23226
4.21986
4.20786
4.19629
4.18517
4.17454
4.16442
4.15485
4.14584
4.13742
4.1296
4.12242
4.11587
4.11
4.10479
4.10029
4.09649
4.09344
4.0912
4.08991
4.36176
4.35141
4.34041
4.32882
4.3167
4.30413
4.29116
4.27787
4.26431
4.25055
4.23666
4.22269
4.20867
4.19466
4.18071
4.16687
4.15319
4.13972
4.12651
4.11358
4.10099
4.08876
4.07693
4.06554
4.05461
4.04416
4.03424
4.02485
4.01602
4.00778
4.00014
3.99312
3.98674
3.98101
3.97595
3.97156
3.96787
3.96489
3.96268
3.96137
4.25051
4.23998
4.22878
4.21699
4.20468
4.1919
4.17874
4.16527
4.15153
4.13762
4.12358
4.10949
4.09538
4.08131
4.06731
4.05345
4.03976
4.0263
4.0131
4.00022
3.98768
3.97553
3.96379
3.95249
3.94166
3.93134
3.92153
3.91227
3.90358
3.89547
3.88796
3.88107
3.87481
3.86919
3.86423
3.85993
3.85631
3.85338
3.85118
3.84987
4.15772
4.14689
4.13538
4.12327
4.11063
4.09752
4.08403
4.07022
4.05616
4.04193
4.0276
4.01322
3.99887
3.98458
3.9704
3.95636
3.94253
3.92895
3.91566
3.9027
3.89011
3.87792
3.86617
3.85488
3.84408
3.83379
3.82404
3.81484
3.80621
3.79818
3.79075
3.78394
3.77776
3.77222
3.76733
3.76309
3.75952
3.75662
3.75444
3.75314
4.08132
4.07009
4.05816
4.04561
4.03251
4.01894
4.00498
3.99071
3.97619
3.9615
3.94672
3.93191
3.91715
3.90249
3.88797
3.87362
3.85951
3.84568
3.83216
3.81901
3.80625
3.79392
3.78205
3.77067
3.7598
3.74946
3.73968
3.73047
3.72185
3.71384
3.70643
3.69966
3.69352
3.68802
3.68317
3.67897
3.67542
3.67255
3.6704
3.66912
4.01932
4.00759
3.99514
3.98205
3.9684
3.95425
3.93971
3.92484
3.90973
3.89445
3.87908
3.8637
3.84839
3.83321
3.8182
3.8034
3.78887
3.77465
3.76079
3.74731
3.73427
3.72169
3.7096
3.69803
3.687
3.67653
3.66664
3.65735
3.64866
3.6406
3.63317
3.62637
3.62023
3.61473
3.60989
3.60571
3.60218
3.59934
3.59722
3.59598
3.96986
3.95756
3.94451
3.93079
3.91648
3.90166
3.88643
3.87085
3.85503
3.83905
3.82298
3.8069
3.7909
3.77506
3.75943
3.74405
3.72897
3.71424
3.6999
3.68599
3.67255
3.6596
3.64719
3.63533
3.62405
3.61336
3.60328
3.59383
3.58501
3.57684
3.56932
3.56247
3.55627
3.55074
3.54588
3.54169
3.53818
3.53536
3.53329
3.53209
3.93123
3.9183
3.90458
3.89015
3.8751
3.85952
3.8435
3.82713
3.8105
3.7937
3.77682
3.75994
3.74314
3.72652
3.71015
3.69406
3.67832
3.66296
3.64803
3.63357
3.61963
3.60622
3.59339
3.58115
3.56953
3.55854
3.5482
3.53851
3.5295
3.52116
3.5135
3.50653
3.50024
3.49464
3.48974
3.48552
3.482
3.47921
3.47718
3.47604
3.9019
3.88828
3.87381
3.85861
3.84275
3.82634
3.80945
3.7922
3.77467
3.75697
3.73918
3.7214
3.70371
3.68621
3.66899
3.65209
3.63558
3.61949
3.60387
3.58877
3.57423
3.56027
3.54693
3.53423
3.52218
3.51082
3.50014
3.49016
3.48088
3.47232
3.46447
3.45733
3.45092
3.44522
3.44024
3.43598
3.43245
3.42967
3.42768
3.4266
3.88053
3.86615
3.85089
3.83485
3.81812
3.80079
3.78297
3.76476
3.74626
3.72757
3.70879
3.69002
3.67136
3.6529
3.63474
3.61694
3.59956
3.58265
3.56626
3.55043
3.5352
3.52061
3.50669
3.49345
3.48092
3.4691
3.45803
3.44769
3.4381
3.42926
3.42118
3.41384
3.40726
3.40143
3.39635
3.39203
3.38847
3.38569
3.38375
3.38273
3.86596
3.85078
3.83467
3.81772
3.80005
3.78175
3.76292
3.74367
3.72412
3.70437
3.68452
3.66469
3.64498
3.62549
3.6063
3.58752
3.5692
3.5514
3.53416
3.51753
3.50155
3.48626
3.47169
3.45785
3.44477
3.43246
3.42093
3.41019
3.40023
3.39108
3.38271
3.37514
3.36837
3.36238
3.35718
3.35278
3.34917
3.3464
3.34449
3.34352
3.85725
3.84121
3.82417
3.80626
3.78758
3.76822
3.74831
3.72796
3.70728
3.68639
3.66541
3.64445
3.62361
3.60301
3.58275
3.56292
3.54359
3.52483
3.50667
3.48919
3.4724
3.45635
3.44108
3.42659
3.41291
3.40005
3.38803
3.37684
3.36648
3.35697
3.3483
3.34047
3.33346
3.3273
3.32196
3.31746
3.3138
3.31102
3.30914
3.3082
3.85364
3.83666
3.81863
3.79967
3.77989
3.75941
3.73833
3.71679
3.69491
3.67281
3.65061
3.62845
3.60642
3.58465
3.56325
3.54231
3.52192
3.50213
3.48302
3.46462
3.44698
3.43013
3.41411
3.39893
3.38461
3.37117
3.35861
3.34694
3.33616
3.32627
3.31726
3.30913
3.30189
3.29552
3.29003
3.28542
3.2817
3.2789
3.27703
3.27614
3.85452
3.83652
3.81741
3.79732
3.77636
3.75465
3.73232
3.7095
3.68632
3.66292
3.63943
3.61599
3.5927
3.5697
3.54709
3.52499
3.50348
3.48263
3.46251
3.44315
3.42462
3.40693
3.39013
3.37422
3.35924
3.34519
3.33207
3.3199
3.30866
3.29836
3.289
3.28057
3.27307
3.26648
3.26083
3.2561
3.2523
3.24947
3.24762
3.24674
3.85946
3.84034
3.82004
3.7987
3.77644
3.7534
3.72971
3.70551
3.68094
3.65615
3.63128
3.60647
3.58185
3.55755
3.53368
3.51036
3.48768
3.46572
3.44455
3.4242
3.40474
3.38618
3.36857
3.35192
3.33625
3.32157
3.30788
3.29518
3.28347
3.27276
3.26303
3.25428
3.2465
3.2397
3.23386
3.229
3.22513
3.22226
3.22041
3.21955
3.86814
3.84778
3.82617
3.80345
3.77976
3.75525
3.73007
3.70437
3.6783
3.65201
3.62567
3.5994
3.57337
3.54769
3.5225
3.4979
3.474
3.45089
3.42863
3.40726
3.38684
3.3674
3.34896
3.33154
3.31517
3.29984
3.28556
3.27233
3.26014
3.249
3.2389
3.22982
3.22177
3.21473
3.20872
3.20373
3.19977
3.19685
3.19498
3.19413
3.88039
3.85864
3.83555
3.8113
3.78603
3.7599
3.73308
3.70573
3.67802
3.65012
3.62218
3.59436
3.56682
3.53969
3.5131
3.48717
3.46201
3.4377
3.41431
3.3919
3.3705
3.35014
3.33086
3.31267
3.29558
3.2796
3.26472
3.25095
3.23829
3.22672
3.21623
3.20683
3.19849
3.19123
3.18503
3.1799
3.17585
3.17288
3.17099
3.17014
3.89614
3.87282
3.84808
3.82209
3.79504
3.76711
3.73847
3.70931
3.67981
3.65014
3.62048
3.59099
3.56184
3.53318
3.50512
3.4778
3.45132
3.42577
3.40123
3.37773
3.35533
3.33405
3.31391
3.29494
3.27713
3.26049
3.24502
3.23071
3.21757
3.20557
3.1947
3.18497
3.17636
3.16886
3.16248
3.15721
3.15306
3.15004
3.14812
3.14726
3.91545
3.89035
3.86372
3.83577
3.80671
3.77674
3.74607
3.71489
3.68341
3.65182
3.62029
3.58901
3.55814
3.52783
3.49823
3.46945
3.4416
3.41477
3.38903
3.36443
3.34101
3.31879
3.2978
3.27803
3.2595
3.24221
3.22615
3.21131
3.19769
3.18526
3.17403
3.16398
3.15509
3.14737
3.1408
3.1354
3.13115
3.12806
3.12611
3.12523
3.93847
3.91133
3.88254
3.85235
3.821
3.78872
3.75576
3.72233
3.68866
3.65494
3.62137
3.58814
3.55543
3.52338
3.49214
3.46183
3.43256
3.4044
3.37744
3.35172
3.32726
3.3041
3.28224
3.26168
3.24244
3.2245
3.20785
3.19249
3.1784
3.16556
3.15397
3.1436
3.13445
3.1265
3.11976
3.11422
3.10987
3.10671
3.10472
3.10382
3.9655
3.936
3.90472
3.87194
3.83795
3.80305
3.76748
3.73152
3.6954
3.65933
3.62353
3.58819
3.55348
3.51958
3.48661
3.45469
3.42394
3.39442
3.3662
3.33933
3.31383
3.28971
3.26699
3.24565
3.2257
3.20712
3.1899
3.17403
3.15948
3.14624
3.1343
3.12363
3.11422
3.10606
3.09915
3.09347
3.08903
3.0858
3.08376
3.08283
3.99694
3.96471
3.93053
3.89474
3.8577
3.81976
3.78122
3.74238
3.70351
3.66483
3.62657
3.58893
3.55209
3.5162
3.4814
3.4478
3.41551
3.38458
3.35508
3.32704
3.30049
3.27542
3.25183
3.22972
3.20908
3.18988
3.1721
3.15573
3.14075
3.12712
3.11484
3.10388
3.09423
3.08587
3.07879
3.07299
3.06844
3.06515
3.06306
3.0621
4.03339
3.99796
3.96037
3.92104
3.88043
3.83896
3.79699
3.75487
3.7129
3.67131
3.63034
3.59019
3.55103
3.51302
3.47629
3.44094
3.40705
3.37468
3.34387
3.31466
3.28704
3.26102
3.23659
3.21372
3.19239
3.17259
3.15428
3.13743
3.12203
3.10804
3.09544
3.0842
3.07432
3.06577
3.05854
3.05261
3.04797
3.04461
3.04247
3.04148
4.07563
4.03641
3.99477
3.95125
3.90642
3.8608
3.81485
3.76897
3.72347
3.67862
3.63466
3.59177
3.55012
3.50985
3.47108
3.43389
3.39836
3.36451
3.33239
3.30199
3.27331
3.24636
3.22109
3.19748
3.17549
3.15511
3.13628
3.11898
3.10318
3.08885
3.07595
3.06446
3.05437
3.04564
3.03826
3.03221
3.02749
3.02405
3.02187
3.02085
4.12469
4.08094
4.03443
3.98588
3.93601
3.88549
3.83488
3.78463
3.73512
3.68662
3.63934
3.59346
3.54913
3.50647
3.46556
3.42647
3.38924
3.35389
3.32044
3.28886
3.25914
3.23126
3.20518
3.18085
3.15824
3.13729
3.11798
3.10026
3.08409
3.06943
3.05626
3.04454
3.03425
3.02535
3.01784
3.01169
3.00688
3.00338
3.00114
3.00009
4.18194
4.1327
4.08027
4.0256
3.96965
3.91326
3.85714
3.80184
3.74774
3.69512
3.64417
3.59505
3.54784
3.50264
3.4595
3.41844
3.37949
3.34264
3.30786
3.27512
3.24438
3.2156
3.18873
3.16372
3.1405
3.11904
3.09927
3.08116
3.06464
3.0497
3.03627
3.02434
3.01387
3.00483
2.9972
2.99095
2.98606
2.9825
2.98021
2.97913
4.24918
4.1932
4.13346
4.07125
4.00786
3.94439
3.88173
3.82051
3.76115
3.7039
3.64891
3.59626
3.54599
3.49813
3.45268
3.40962
3.36893
3.33057
3.29448
3.26061
3.22888
3.19925
3.17163
3.14597
3.1222
3.10025
3.08006
3.06158
3.04476
3.02955
3.0159
3.00378
2.99315
2.98398
2.97625
2.96991
2.96495
2.96133
2.959
2.9579
4.32887
4.26443
4.19549
4.12385
4.05125
3.97916
3.90867
3.84052
3.77512
3.71268
3.65324
3.59679
3.54328
3.49266
3.44484
3.39977
3.35735
3.31751
3.28016
3.2452
3.21254
3.18209
3.15378
3.12751
3.10323
3.08083
3.06027
3.04147
3.02437
3.00892
2.99508
2.9828
2.97203
2.96275
2.95493
2.94852
2.9435
2.93983
2.93746
2.93632
4.42425
4.34903
4.26828
4.18464
4.1005
4.0178
3.9379
3.86161
3.78931
3.72105
3.65676
3.59627
3.53938
3.48592
3.43573
3.38866
3.34456
3.3033
3.26474
3.22875
3.19523
3.16404
3.13509
3.10828
3.08352
3.06073
3.03983
3.02075
3.00341
2.98777
2.97376
2.96134
2.95046
2.94109
2.93318
2.92671
2.92164
2.91793
2.91552
2.91436
4.53974
4.45052
4.35428
4.25507
4.15628
4.06045
3.96921
3.88339
3.80321
3.72853
3.659
3.59425
3.53389
3.47758
3.42505
3.37604
3.33034
3.28774
3.24807
3.21115
3.17684
3.14499
3.11548
3.08819
3.06303
3.0399
3.01871
2.99938
2.98184
2.96603
2.95189
2.93936
2.92839
2.91895
2.91098
2.90446
2.89935
2.8956
2.89316
2.89198
4.68158
4.57362
4.45658
4.3368
4.2192
4.10704
4.00214
3.90521
3.81615
3.73443
3.65936
3.59021
3.52636
3.46727
3.4125
3.36167
3.31449
3.27069
3.23002
3.19229
3.1573
3.12488
3.0949
3.06722
3.04171
3.01829
2.99686
2.97734
2.95964
2.9437
2.92945
2.91683
2.9058
2.8963
2.8883
2.88174
2.8766
2.87282
2.87036
2.86916
4.85878
4.72465
4.57894
4.43151
4.28953
4.15704
4.03581
3.92609
3.82717
3.73792
3.6571
3.58356
3.51632
3.45459
3.39775
3.34529
3.29682
3.25197
3.21047
3.17205
3.13651
3.10365
3.07329
3.0453
3.01954
2.9959
2.97429
2.95461
2.93679
2.92075
2.90642
2.89375
2.88267
2.87314
2.86511
2.85853
2.85337
2.84957
2.84709
2.84588
5.08498
4.91232
4.72563
4.54053
4.36685
4.20923
4.06875
3.9446
3.83503
3.73796
3.65139
3.57361
3.50322
3.43912
3.38048
3.32665
3.27711
3.23144
3.18929
3.15037
3.11442
3.08123
3.05062
3.02242
2.99649
2.9727
2.95097
2.93119
2.91329
2.89718
2.88281
2.8701
2.859
2.84945
2.84141
2.83482
2.82965
2.82584
2.82335
2.82213
5.38168
5.1485
4.90101
4.66397
4.44941
4.26125
4.09866
3.95878
3.83813
3.7333
3.64129
3.55966
3.48653
3.42046
3.36039
3.30551
3.2552
3.20896
3.16639
3.12715
3.09097
3.0576
3.02686
2.99855
2.97254
2.9487
2.92691
2.90709
2.88914
2.87301
2.85861
2.84589
2.83479
2.82524
2.8172
2.81062
2.80545
2.80163
2.79914
2.79791
5.78454
5.44824
5.108
4.79914
4.53301
4.30902
4.12218
3.96605
3.83459
3.72258
3.62579
3.54099
3.46573
3.39823
3.3372
3.28168
3.23095
3.18443
3.14169
3.10235
3.06612
3.03274
3.00199
2.9737
2.94771
2.92389
2.90212
2.88231
2.86438
2.84825
2.83386
2.82115
2.81006
2.80053
2.7925
2.78593
2.78077
2.77696
2.77446
2.77323
6.35493
5.82727
5.34358
4.93787
4.6095
4.34625
4.13478
3.96331
3.8223
3.70437
3.60396
3.51695
3.44038
3.37213
3.3107
3.25501
3.20424
3.15778
3.11514
3.07595
3.03986
3.00663
2.97603
2.94787
2.922
2.89828
2.87661
2.85688
2.83901
2.82293
2.80858
2.79589
2.78483
2.77532
2.76732
2.76077
2.75563
2.75183
2.74934
2.74811
7.19313
6.29147
5.58982
5.06176
4.6653
4.36405
4.13097
3.94718
3.7992
3.67742
3.57499
3.48704
3.41016
3.34195
3.28076
3.22541
3.17503
3.12897
3.08674
3.04792
3.01219
2.97929
2.94898
2.92108
2.89543
2.87191
2.8504
2.8308
2.81305
2.79706
2.78278
2.77015
2.75913
2.74965
2.74169
2.73517
2.73004
2.72627
2.72379
2.72257
8.43164
6.80734
5.7969
5.13638
4.68077
4.35176
4.1051
3.91466
3.76367
3.64085
3.53842
3.45102
3.37494
3.30763
3.24736
3.19288
3.14333
3.09803
3.05649
3.0183
2.98314
2.95073
2.92086
2.89335
2.86803
2.84479
2.82352
2.80412
2.78653
2.77067
2.75649
2.74395
2.73299
2.72356
2.71563
2.70914
2.70405
2.70029
2.69783
2.69662
2.67029
2.6715
2.67394
2.67767
2.68274
2.68919
2.69707
2.70643
2.71731
2.72975
2.74379
2.75948
2.77687
2.79601
2.81697
2.83984
2.86472
2.89172
2.92101
2.95274
2.98714
3.02447
3.06503
3.10922
3.15753
3.21059
3.26928
3.33481
3.40893
3.49421
3.59442
3.71504
3.86409
4.05324
4.30013
4.6337
5.1084
5.84654
7.20865
10.6784
2.64362
2.64481
2.64724
2.65094
2.65598
2.66238
2.67021
2.67949
2.69028
2.70259
2.71647
2.73195
2.74907
2.76789
2.78847
2.81088
2.83522
2.8616
2.89016
2.92107
2.95452
2.99076
3.03008
3.07284
3.11951
3.17068
3.22716
3.29011
3.36119
3.44286
3.53872
3.65399
3.79611
3.97562
4.20755
4.51437
4.93154
5.51473
6.33772
7.36374
2.61664
2.61782
2.62022
2.6239
2.62889
2.63525
2.64301
2.65221
2.66288
2.67505
2.68873
2.70396
2.72077
2.73921
2.75934
2.78121
2.80492
2.83056
2.85828
2.88821
2.92055
2.9555
2.99335
3.03441
3.07909
3.12794
3.18169
3.24138
3.30852
3.38535
3.47515
3.58256
3.714
3.87799
4.08559
4.35082
4.69029
5.11784
5.62448
6.12001
2.58937
2.59054
2.59293
2.59657
2.60153
2.60783
2.61552
2.62463
2.63517
2.64716
2.66061
2.67555
2.69201
2.71001
2.72961
2.75087
2.77386
2.79868
2.82544
2.85428
2.88536
2.91887
2.95504
2.99417
3.03661
3.08281
3.13342
3.18933
3.25188
3.32304
3.40565
3.5037
3.62244
3.7684
3.94915
4.17256
4.44473
4.76464
5.11328
5.43877
2.56186
2.56302
2.56538
2.569
2.57391
2.58016
2.58778
2.59677
2.60717
2.61896
2.63215
2.64676
2.66281
2.68033
2.69934
2.71992
2.74212
2.76603
2.79175
2.81939
2.8491
2.88104
2.91541
2.95244
2.99243
3.03576
3.08295
3.13478
3.19237
3.2574
3.33232
3.42047
3.52611
3.65421
3.80996
3.99779
4.21946
4.47078
4.73738
4.99226
2.53414
2.53528
2.53762
2.54121
2.54608
2.55228
2.55981
2.56869
2.57891
2.59048
2.60338
2.61762
2.63322
2.65019
2.66858
2.68842
2.70977
2.73271
2.75732
2.78369
2.81195
2.84222
2.87468
2.90951
2.94694
2.98727
3.03093
3.07854
3.13104
3.18987
3.25712
3.33561
3.42885
3.54075
3.67518
3.83494
4.02049
4.2282
4.44891
4.66838
2.50624
2.50737
2.50969
2.51325
2.51808
2.52421
2.53166
2.5404
2.55043
2.56174
2.57432
2.58815
2.60326
2.61966
2.63736
2.65643
2.67688
2.6988
2.72225
2.74731
2.77406
2.80263
2.83313
2.86571
2.90054
2.93784
2.97795
3.02137
3.06889
3.12173
3.1817
3.25124
3.33335
3.43135
3.5484
3.68671
3.84666
4.02588
4.21889
4.41784
2.47819
2.47931
2.48161
2.48514
2.48993
2.496
2.50335
2.51194
2.52176
2.53278
2.545
2.55839
2.57298
2.58876
2.60575
2.624
2.64354
2.66441
2.68667
2.71039
2.73563
2.76247
2.79101
2.82135
2.85359
2.88792
2.92458
2.96397
3.00675
3.054
3.10731
3.16886
3.24134
3.32776
3.43096
3.55303
3.69465
3.85459
4.02966
4.21535
2.45002
2.45113
2.45342
2.45692
2.46168
2.46768
2.4749
2.48332
2.4929
2.50362
2.51544
2.52837
2.54239
2.55753
2.5738
2.59121
2.60981
2.62963
2.6507
2.67308
2.69681
2.72195
2.74856
2.7767
2.80645
2.83792
2.87129
2.90689
2.9453
2.98746
3.03484
3.08943
3.15377
3.23071
3.32298
3.43273
3.561
3.70738
3.8701
4.04644
2.42176
2.42287
2.42514
2.42862
2.43333
2.43925
2.44635
2.45457
2.46389
2.47426
2.48567
2.4981
2.51155
2.52603
2.54155
2.55813
2.57579
2.59455
2.61445
2.63552
2.65777
2.68126
2.706
2.73204
2.75941
2.78818
2.81849
2.85061
2.88505
2.92268
2.96486
3.0135
3.07106
3.14031
3.22397
3.3243
3.44262
3.57914
3.7329
3.90221
2.39345
2.39454
2.3968
2.40026
2.40492
2.41075
2.41769
2.4257
2.43472
2.44473
2.45569
2.46761
2.48047
2.49429
2.50907
2.52482
2.54156
2.55929
2.57805
2.59784
2.61867
2.64057
2.66354
2.68758
2.71272
2.73899
2.76649
2.79546
2.82636
2.86001
2.89771
2.94133
2.99328
3.05632
3.13318
3.22622
3.33701
3.46612
3.61306
3.77683
2.36509
2.36618
2.36843
2.37187
2.37647
2.38218
2.38895
2.39671
2.40542
2.41503
2.42554
2.43694
2.44921
2.46237
2.47642
2.49136
2.5072
2.52394
2.5416
2.56017
2.57965
2.60005
2.62134
2.64353
2.66661
2.69058
2.71554
2.74169
2.76948
2.79967
2.83355
2.87297
2.92032
2.97835
3.04983
3.13717
3.24215
3.36552
3.50708
3.66629
2.33671
2.3378
2.34004
2.34345
2.34797
2.35356
2.36013
2.36762
2.37599
2.3852
2.39525
2.40611
2.4178
2.43032
2.44365
2.45782
2.4728
2.4886
2.50521
2.52263
2.54084
2.55983
2.57958
2.60005
2.62124
2.64314
2.66582
2.68949
2.71455
2.74177
2.77242
2.80835
2.85194
2.90594
2.97313
3.05599
3.15642
3.27523
3.41239
3.56774
2.30834
2.30943
2.31166
2.31502
2.31946
2.32489
2.33124
2.33844
2.34645
2.35525
2.36483
2.37518
2.3863
2.39819
2.41085
2.42427
2.43844
2.45335
2.46899
2.48533
2.50236
2.52005
2.53836
2.55728
2.57675
2.59679
2.61746
2.63894
2.66164
2.68633
2.71428
2.74733
2.78786
2.83861
2.90238
2.98172
3.07854
3.19361
3.32708
3.47911
2.27998
2.28107
2.28328
2.28659
2.29092
2.29618
2.30228
2.30917
2.31682
2.32521
2.33433
2.34418
2.35476
2.36606
2.37808
2.3908
2.40421
2.41829
2.43302
2.44837
2.4643
2.4808
2.49782
2.51531
2.53325
2.55164
2.57053
2.59011
2.61078
2.63334
2.65904
2.68973
2.72779
2.77594
2.83699
2.91355
3.00745
3.1194
3.24972
3.39881
2.25167
2.25275
2.25494
2.25818
2.26238
2.26744
2.27328
2.27985
2.28714
2.29512
2.30379
2.31317
2.32323
2.33398
2.34541
2.35748
2.37019
2.38351
2.3974
2.41183
2.42677
2.44218
2.45801
2.47424
2.49081
2.50773
2.52507
2.54301
2.56196
2.58272
2.60658
2.63535
2.67142
2.71751
2.77642
2.85079
2.9423
3.05159
3.17916
3.32563
2.2234
2.22447
2.22663
2.22979
2.23384
2.23869
2.24425
2.2505
2.25743
2.26501
2.27327
2.28219
2.29178
2.30202
2.3129
2.32438
2.33645
2.34906
2.36219
2.37578
2.38982
2.40425
2.41903
2.43411
2.44947
2.46512
2.4811
2.49763
2.51513
2.53441
2.55675
2.58399
2.61849
2.66296
2.72024
2.79289
2.88238
2.98939
3.11453
3.25863
2.19519
2.19626
2.19837
2.20143
2.20532
2.20993
2.21522
2.22116
2.22773
2.23495
2.24281
2.25132
2.26047
2.27025
2.28062
2.29157
2.30305
2.31502
2.32746
2.3403
2.35352
2.36707
2.3809
2.39498
2.40928
2.4238
2.43862
2.45395
2.47023
2.4883
2.50943
2.53546
2.56874
2.61199
2.66806
2.73935
2.82714
2.93214
3.0551
3.19705
2.16707
2.16812
2.17018
2.17313
2.17683
2.18121
2.18622
2.19185
2.1981
2.20497
2.21247
2.2206
2.22935
2.23871
2.24863
2.2591
2.27005
2.28145
2.29326
2.30543
2.31792
2.33068
2.34367
2.35686
2.37023
2.38378
2.39761
2.41192
2.4272
2.44429
2.46447
2.48957
2.52196
2.56433
2.61955
2.68977
2.77609
2.87931
3.00031
3.14026
2.13905
2.14008
2.14207
2.14489
2.1484
2.15255
2.15729
2.16263
2.16857
2.17512
2.18229
2.19009
2.19849
2.20747
2.21699
2.22702
2.2375
2.24839
2.25965
2.27121
2.28305
2.29511
2.30737
2.31978
2.33233
2.34505
2.35802
2.3715
2.38597
2.40228
2.42173
2.44617
2.47793
2.51977
2.57444
2.64377
2.72882
2.83046
2.94966
3.08777
2.11114
2.11215
2.11406
2.11674
2.12006
2.12398
2.12847
2.13354
2.1392
2.14546
2.15234
2.15983
2.16792
2.17657
2.18574
2.19538
2.20545
2.21589
2.22664
2.23768
2.24894
2.26039
2.27199
2.28372
2.29558
2.30758
2.31984
2.33263
2.34645
2.36217
2.3811
2.4051
2.43652
2.47814
2.53246
2.60106
2.685
2.78521
2.90275
3.03915
2.08338
2.08435
2.08618
2.08871
2.09185
2.09555
2.0998
2.10462
2.11003
2.11604
2.12266
2.12988
2.13769
2.14605
2.15491
2.16422
2.17392
2.18396
2.19428
2.20484
2.2156
2.22651
2.23754
2.24869
2.25994
2.27134
2.28302
2.29525
2.30857
2.32387
2.34247
2.36625
2.39761
2.43925
2.49336
2.56137
2.64434
2.74324
2.85924
2.99404
2.05577
2.05671
2.05845
2.06083
2.06379
2.06729
2.07132
2.07592
2.0811
2.08689
2.09328
2.10028
2.10785
2.11596
2.12455
2.13357
2.14295
2.15264
2.16258
2.17273
2.18304
2.19348
2.20403
2.21467
2.22542
2.23631
2.24751
2.25931
2.27227
2.2873
2.30576
2.32955
2.36112
2.40295
2.45694
2.52447
2.60658
2.70428
2.81883
2.95213
2.02835
2.02925
2.03089
2.03314
2.03593
2.03924
2.04308
2.04748
2.05246
2.05805
2.06426
2.07106
2.07842
2.08632
2.09468
2.10344
2.11255
2.12194
2.13155
2.14134
2.15127
2.16131
2.17144
2.18166
2.19197
2.20245
2.21327
2.22476
2.23748
2.2524
2.27089
2.29495
2.32694
2.36905
2.42303
2.49016
2.5715
2.66808
2.78127
2.91314
2.00115
2.002
2.00355
2.00567
2.00831
2.01145
2.01511
2.01934
2.02415
2.02957
2.03561
2.04224
2.04944
2.05715
2.06531
2.07386
2.08274
2.09187
2.1012
2.11069
2.12029
2.12999
2.13976
2.14962
2.15958
2.16974
2.18027
2.19155
2.20417
2.21912
2.23788
2.26244
2.29496
2.33742
2.39144
2.45826
2.53889
2.63441
2.74631
2.87683
1.97418
1.97499
1.97645
1.97845
1.98095
1.98394
1.98745
1.99153
1.9962
2.00148
2.00737
2.01386
2.02092
2.02848
2.03648
2.04485
2.05353
2.06244
2.07154
2.08077
2.0901
2.0995
2.10898
2.11855
2.12823
2.13814
2.14848
2.15965
2.1723
2.18748
2.20673
2.23191
2.26504
2.30793
2.36205
2.4286
2.50857
2.60309
2.71374
2.84297
1.94748
1.94824
1.94962
1.95152
1.95389
1.95675
1.96014
1.96408
1.96863
1.97379
1.97957
1.98595
1.99288
2.00032
2.00819
2.01641
2.02493
2.03366
2.04256
2.05158
2.06068
2.06986
2.0791
2.08843
2.0979
2.10764
2.11789
2.12907
2.14191
2.15752
2.17739
2.20331
2.2371
2.28045
2.33472
2.40102
2.48037
2.57392
2.68338
2.81137
1.92106
1.92179
1.9231
1.9249
1.92716
1.92992
1.93319
1.93703
1.94147
1.94654
1.95223
1.95851
1.96535
1.97269
1.98045
1.98856
1.99695
2.00554
2.01428
2.02313
2.03205
2.04104
2.0501
2.05925
2.06859
2.07824
2.08849
2.09983
2.11304
2.12922
2.14982
2.17654
2.21105
2.25488
2.30931
2.37539
2.45413
2.54673
2.65502
2.78183
1.89496
1.89565
1.8969
1.89862
1.90079
1.90345
1.90664
1.9104
1.91476
1.91975
1.92536
1.93158
1.93835
1.94561
1.95329
1.96131
1.9696
1.97808
1.9867
1.99542
2.00421
2.01306
2.02198
2.03103
2.0403
2.04996
2.06036
2.072
2.08569
2.10255
2.12399
2.15155
2.18679
2.23112
2.2857
2.35156
2.42969
2.52135
2.62851
2.75417
1.8692
1.86986
1.87105
1.8727
1.87481
1.87739
1.88051
1.8842
1.8885
1.89344
1.899
1.90516
1.91188
1.91908
1.92671
1.93467
1.94288
1.95129
1.95983
1.96846
1.97716
1.98592
1.99478
2.00379
2.01308
2.02287
2.03351
2.04557
2.05988
2.07752
2.09983
2.12827
2.16425
2.20906
2.26379
2.3294
2.40691
2.49763
2.60365
2.72821
1.84378
1.84442
1.84557
1.84717
1.84922
1.85175
1.85482
1.85846
1.86273
1.86762
1.87315
1.87928
1.88596
1.89314
1.90073
1.90865
1.91683
1.9252
1.93369
1.94227
1.95093
1.95966
1.96852
1.97758
1.98698
1.99699
2.008
2.02059
2.0356
2.05409
2.07733
2.10665
2.14335
2.18861
2.24344
2.30878
2.38563
2.47539
2.5803
2.70377
1.81874
1.81935
1.82047
1.82203
1.82405
1.82655
1.82958
1.83321
1.83745
1.84232
1.84783
1.85395
1.86062
1.86778
1.87536
1.88328
1.89145
1.89981
1.90831
1.91689
1.92556
1.93433
1.94325
1.95243
1.96205
1.97238
1.98385
1.99707
2.01286
2.03226
2.05643
2.08662
2.12401
2.16967
2.22455
2.28955
2.36571
2.45449
2.55827
2.68069
1.79407
1.79467
1.79577
1.79731
1.79931
1.80179
1.80482
1.80844
1.81268
1.81756
1.82307
1.82919
1.83587
1.84305
1.85065
1.85859
1.86679
1.87518
1.88371
1.89235
1.90109
1.90995
1.91901
1.9284
1.93832
1.94907
1.9611
1.97503
1.99166
2.01199
2.03711
2.06813
2.10614
2.15213
2.20699
2.27159
2.347
2.43476
2.53742
2.65879
1.76978
1.77037
1.77147
1.77301
1.77501
1.7775
1.78055
1.78419
1.78845
1.79335
1.79888
1.80503
1.81175
1.81896
1.82661
1.8346
1.84286
1.85133
1.85995
1.86869
1.87755
1.88658
1.89586
1.90554
1.91585
1.92711
1.93978
1.95448
1.97201
1.99327
2.01929
2.05109
2.08966
2.13589
2.19064
2.25477
2.32936
2.41606
2.51757
2.63792
1.74588
1.74647
1.74757
1.74912
1.75115
1.75368
1.75677
1.76045
1.76476
1.7697
1.77529
1.78149
1.78827
1.79555
1.80327
1.81135
1.81972
1.8283
1.83705
1.84595
1.85501
1.86427
1.87385
1.88391
1.8947
1.90654
1.91992
1.93545
1.95387
1.97606
2.00293
2.03543
2.07446
2.12084
2.17538
2.23894
2.31264
2.39823
2.49857
2.61791
1.72235
1.72295
1.72407
1.72566
1.72774
1.73033
1.73349
1.73724
1.74162
1.74665
1.75232
1.7586
1.76547
1.77285
1.78069
1.78889
1.7974
1.80614
1.81508
1.8242
1.83351
1.84309
1.85305
1.86357
1.8749
1.8874
1.90154
1.91792
1.93723
1.9603
1.98796
2.02108
2.06045
2.10687
2.16109
2.22397
2.29669
2.38111
2.48027
2.59859
1.69919
1.69981
1.70096
1.70261
1.70477
1.70746
1.71071
1.71457
1.71906
1.7242
1.72998
1.73639
1.74338
1.7509
1.75889
1.76726
1.77595
1.78491
1.79409
1.80349
1.81313
1.82309
1.8335
1.84455
1.8565
1.86971
1.88464
1.90187
1.92206
1.94594
1.97431
2.00792
2.04753
2.09386
2.14764
2.20974
2.28139
2.36457
2.46251
2.57983
1.67637
1.67702
1.67823
1.67996
1.68223
1.68504
1.68843
1.69244
1.69707
1.70236
1.7083
1.71487
1.72204
1.72974
1.73792
1.74651
1.75544
1.76466
1.77415
1.78389
1.79392
1.80434
1.81527
1.82691
1.83952
1.85348
1.86921
1.88728
1.90829
1.93292
1.96188
1.99588
2.0356
2.0817
2.13491
2.1961
2.26658
2.34846
2.44516
2.56146
1.65388
1.65456
1.65585
1.6577
1.6601
1.66308
1.66665
1.67084
1.67567
1.68116
1.68731
1.69409
1.70147
1.7094
1.71782
1.72668
1.7359
1.74545
1.75529
1.76544
1.77593
1.78687
1.79838
1.81065
1.82397
1.83869
1.85522
1.87409
1.89586
1.92115
1.9506
1.98485
2.02453
2.07027
2.12277
2.18294
2.25215
2.33265
2.42807
2.54335
1.63168
1.6324
1.63379
1.63578
1.63836
1.64154
1.64534
1.64977
1.65485
1.6606
1.667
1.67405
1.6817
1.68992
1.69864
1.70781
1.71738
1.72731
1.73758
1.74819
1.7592
1.77071
1.78284
1.79579
1.80984
1.82531
1.84262
1.86224
1.88469
1.91054
1.94036
1.97473
2.01424
2.05947
2.11113
2.17014
2.23797
2.31702
2.41113
2.52538
1.60972
1.61051
1.61202
1.61418
1.61699
1.62042
1.6245
1.62922
1.63461
1.64068
1.6474
1.65477
1.66276
1.67132
1.6804
1.68995
1.69993
1.71029
1.72104
1.73217
1.74375
1.75586
1.76865
1.78231
1.79708
1.8133
1.83134
1.85165
1.8747
1.90099
1.93106
1.96541
2.0046
2.04918
2.09985
2.15758
2.22392
2.30147
2.39424
2.50745
1.58796
1.58883
1.59049
1.59287
1.59593
1.59968
1.60409
1.60918
1.61494
1.62139
1.6285
1.63627
1.64465
1.65362
1.66312
1.67311
1.68355
1.69441
1.70568
1.71738
1.72957
1.74233
1.75579
1.77015
1.78565
1.80258
1.82131
1.84223
1.86578
1.89241
1.92259
1.95679
1.99551
2.0393
2.08884
2.14516
2.20993
2.2859
2.37731
2.48948
1.56636
1.56732
1.56915
1.57178
1.57517
1.57927
1.58409
1.5896
1.59582
1.60272
1.6103
1.61853
1.62739
1.63683
1.64681
1.6573
1.66826
1.67967
1.69151
1.70382
1.71664
1.73006
1.74421
1.75927
1.77546
1.79308
1.81243
1.83389
1.85783
1.88468
1.91484
1.94876
1.98687
2.02972
2.07801
2.1328
2.1959
2.27026
2.36029
2.4714
1.54484
1.54591
1.54795
1.55088
1.55463
1.55917
1.56445
1.57047
1.57721
1.58465
1.59277
1.60155
1.61095
1.62093
1.63147
1.64252
1.65405
1.66604
1.67849
1.69144
1.70492
1.71901
1.73384
1.74958
1.76644
1.78468
1.80459
1.82649
1.85074
1.87769
1.90771
1.9412
1.97858
2.02035
2.06726
2.12043
2.18179
2.2545
2.34316
2.45321
1.52333
1.52453
1.52682
1.5301
1.53428
1.53931
1.54515
1.55175
1.5591
1.56716
1.5759
1.5853
1.59531
1.60591
1.61706
1.62872
1.64087
1.65349
1.66659
1.68018
1.69433
1.7091
1.7246
1.74099
1.75847
1.77728
1.79767
1.81993
1.84438
1.87131
1.90108
1.93401
1.97052
2.01111
2.05652
2.10799
2.16757
2.23863
2.32591
2.43489
1.50177
1.50311
1.50569
1.50937
1.51405
1.51965
1.52612
1.53339
1.54143
1.5502
1.55964
1.56974
1.58044
1.59172
1.60354
1.61586
1.62867
1.64195
1.65571
1.66998
1.68479
1.70021
1.71636
1.73337
1.75143
1.77075
1.79154
1.81408
1.83861
1.86543
1.89481
1.92708
1.96261
2.00191
2.04575
2.09545
2.15323
2.22266
2.3086
2.41652
1.48005
1.48157
1.48448
1.48862
1.49388
1.50014
1.50732
1.51536
1.52418
1.53373
1.54397
1.55484
1.5663
1.57832
1.59085
1.60388
1.61739
1.63135
1.64579
1.66072
1.67619
1.69226
1.70902
1.72661
1.74519
1.76494
1.78607
1.80878
1.83331
1.8599
1.88881
1.92031
1.95476
1.99268
2.03489
2.08281
2.13882
2.20665
2.29129
2.39817
1.45808
1.45981
1.4631
1.46779
1.4737
1.48072
1.48872
1.49761
1.50731
1.51773
1.52883
1.54055
1.55283
1.56564
1.57894
1.59271
1.60693
1.6216
1.63672
1.65231
1.66842
1.6851
1.70245
1.72057
1.73961
1.75973
1.7811
1.80391
1.82835
1.85462
1.88294
1.91358
1.94689
1.98338
2.02394
2.07009
2.12438
2.19071
2.27411
2.37997
1.43576
1.43773
1.44148
1.4468
1.45348
1.46135
1.47028
1.48012
1.49078
1.50217
1.51421
1.52683
1.53999
1.55364
1.56774
1.58228
1.59723
1.6126
1.62839
1.64463
1.66136
1.67862
1.6965
1.7151
1.73455
1.75497
1.77651
1.79932
1.82358
1.84944
1.87711
1.90683
1.93893
1.97397
2.0129
2.05735
2.11003
2.17496
2.2572
2.36209
1.41297
1.41522
1.41952
1.42557
1.43315
1.44201
1.45197
1.46288
1.47461
1.48704
1.50008
1.51367
1.52774
1.54226
1.55719
1.5725
1.58819
1.60426
1.62071
1.63757
1.65488
1.67269
1.69106
1.71008
1.72986
1.75051
1.77215
1.79489
1.81889
1.84428
1.87123
1.89998
1.93086
1.96448
2.00184
2.0447
2.09591
2.15957
2.24075
2.3447
1.38957
1.39218
1.39712
1.40406
1.41268
1.42267
1.43382
1.44591
1.4588
1.47234
1.48646
1.50105
1.51608
1.53148
1.54724
1.56333
1.57975
1.59649
1.61358
1.63103
1.64888
1.66719
1.686
1.70539
1.72544
1.74625
1.76791
1.79052
1.81419
1.83905
1.86524
1.89301
1.92269
1.95494
1.99085
2.03228
2.08219
2.14472
2.22494
2.32803
1.36541
1.36845
1.37421
1.38222
1.39207
1.40338
1.41586
1.42926
1.44341
1.45815
1.47338
1.48901
1.505
1.5213
1.53788
1.55473
1.57185
1.58925
1.60693
1.62493
1.64329
1.66203
1.68122
1.70092
1.72118
1.74208
1.76371
1.78612
1.80942
1.83371
1.85914
1.88593
1.91448
1.94546
1.98007
2.02025
2.06905
2.13062
2.20998
2.31227
1.3403
1.34391
1.35068
1.36002
1.37135
1.3842
1.39819
1.41304
1.42854
1.44454
1.46092
1.47762
1.49457
1.51174
1.52913
1.54671
1.5645
1.5825
1.60073
1.61923
1.63803
1.65717
1.67668
1.69661
1.71703
1.73797
1.7595
1.78168
1.80458
1.82829
1.85297
1.87884
1.90634
1.9362
1.96968
2.00883
2.0567
2.11747
2.19607
2.29764
1.31401
1.31837
1.32649
1.3375
1.35064
1.36529
1.38099
1.39743
1.41437
1.43167
1.44923
1.46697
1.48487
1.50289
1.52103
1.5393
1.5577
1.57626
1.59499
1.61393
1.63312
1.65258
1.67235
1.69247
1.71298
1.73392
1.75532
1.77723
1.79972
1.82287
1.84683
1.87187
1.89844
1.92734
1.95989
1.99821
2.04535
2.10544
2.18339
2.28432
1.28622
1.29166
1.30159
1.31478
1.33014
1.3469
1.36453
1.38268
1.40113
1.41976
1.43847
1.45724
1.47603
1.49484
1.51369
1.53258
1.55154
1.57059
1.58975
1.60907
1.62858
1.6483
1.66828
1.68853
1.70909
1.72998
1.75122
1.77287
1.79496
1.81759
1.84091
1.86522
1.891
1.91912
1.95094
1.9886
2.03516
2.09471
2.17211
2.27247
1.2565
1.26355
1.27606
1.29212
1.31023
1.32944
1.34919
1.36915
1.38914
1.40906
1.42889
1.44861
1.46822
1.48775
1.50722
1.52666
1.5461
1.56557
1.58511
1.60474
1.6245
1.64443
1.66455
1.68489
1.70546
1.72628
1.74737
1.76875
1.79048
1.81265
1.83543
1.85913
1.88428
1.91178
1.94302
1.98018
2.02629
2.0854
2.16233
2.26222
1.22416
1.23383
1.25019
1.2701
1.29156
1.31353
1.33552
1.35729
1.37876
1.39991
1.42075
1.44132
1.46165
1.4818
1.5018
1.5217
1.54153
1.56134
1.58117
1.60105
1.62101
1.64109
1.66131
1.6817
1.70225
1.723
1.74393
1.76509
1.78652
1.80831
1.83065
1.85387
1.87852
1.90553
1.93633
1.97309
2.01886
2.07762
2.15417
2.25367
1.18803
1.20253
1.22486
1.24983
1.27515
1.30002
1.32419
1.34765
1.37044
1.39263
1.41433
1.43559
1.45651
1.47715
1.49757
1.51782
1.53796
1.55803
1.57808
1.59813
1.61824
1.63842
1.6587
1.67911
1.69964
1.72031
1.74113
1.76211
1.7833
1.8048
1.82681
1.84966
1.87393
1.90056
1.93101
1.96746
2.01295
2.07145
2.14774
2.24693
1.14594
1.17089
1.20237
1.23331
1.2625
1.28998
1.31598
1.34078
1.36458
1.38757
1.40988
1.43166
1.45299
1.47397
1.49467
1.51517
1.53551
1.55576
1.57595
1.59612
1.61632
1.63656
1.65687
1.67728
1.69779
1.71841
1.73913
1.75999
1.78102
1.80233
1.8241
1.84669
1.87068
1.89702
1.9272
1.9634
2.00868
2.06702
2.14316
2.24215
1.09569
1.14592
1.18783
1.22362
1.25545
1.28455
1.31163
1.33719
1.36155
1.38497
1.40762
1.42965
1.4512
1.47236
1.49322
1.51384
1.53429
1.55462
1.57488
1.59512
1.61535
1.63562
1.65595
1.67635
1.69684
1.71743
1.7381
1.75889
1.77984
1.80104
1.82269
1.84512
1.86894
1.89511
1.9251
1.96113
2.00627
2.06455
2.14069
2.23957
10.6784
7.20866
5.84654
5.1084
4.6337
4.30013
4.05323
3.86408
3.71504
3.59441
3.49421
3.40893
3.33481
3.26928
3.21059
3.15752
3.10921
3.06502
3.02446
2.98714
2.95274
2.921
2.89172
2.86471
2.83984
2.81697
2.796
2.77687
2.75948
2.74379
2.72975
2.71731
2.70643
2.69707
2.68919
2.68274
2.67767
2.67394
2.6715
2.67029
7.36374
6.33772
5.51473
4.93154
4.51437
4.20755
3.97562
3.79611
3.65398
3.53871
3.44285
3.36118
3.2901
3.22715
3.17067
3.1195
3.07283
3.03007
2.99075
2.95451
2.92106
2.89016
2.8616
2.83522
2.81088
2.78847
2.76789
2.74907
2.73195
2.71647
2.70259
2.69028
2.67949
2.67021
2.66238
2.65598
2.65094
2.64724
2.64481
2.64362
6.12001
5.62448
5.11784
4.6903
4.35082
4.08559
3.87799
3.714
3.58256
3.47515
3.38535
3.30851
3.24137
3.18169
3.12794
3.07909
3.0344
2.99334
2.9555
2.92054
2.88821
2.85828
2.83056
2.80491
2.78121
2.75933
2.73921
2.72077
2.70396
2.68873
2.67504
2.66288
2.65221
2.64301
2.63525
2.62889
2.6239
2.62022
2.61782
2.61664
5.43878
5.11328
4.76464
4.44473
4.17256
3.94915
3.7684
3.62244
3.5037
3.40565
3.32304
3.25188
3.18933
3.13341
3.08281
3.0366
2.99417
2.95504
2.91886
2.88535
2.85428
2.82544
2.79868
2.77386
2.75087
2.72961
2.71001
2.69201
2.67555
2.66061
2.64715
2.63517
2.62463
2.61552
2.60783
2.60153
2.59657
2.59293
2.59054
2.58937
4.99226
4.73738
4.47078
4.21946
3.9978
3.80997
3.65421
3.52611
3.42047
3.33232
3.2574
3.19236
3.13478
3.08295
3.03575
2.99242
2.95243
2.9154
2.88104
2.8491
2.81939
2.79175
2.76603
2.74212
2.71992
2.69934
2.68032
2.66281
2.64676
2.63215
2.61895
2.60716
2.59677
2.58778
2.58016
2.57391
2.569
2.56538
2.56302
2.56186
4.66839
4.44892
4.2282
4.0205
3.83495
3.67518
3.54076
3.42885
3.33561
3.25712
3.18987
3.13104
3.07853
3.03093
2.98727
2.94694
2.90951
2.87468
2.84222
2.81194
2.78368
2.75731
2.73271
2.70977
2.68842
2.66858
2.65019
2.63322
2.61762
2.60337
2.59047
2.57891
2.56869
2.55981
2.55228
2.54608
2.54121
2.53762
2.53528
2.53414
4.41785
4.2189
4.02589
3.84666
3.68671
3.5484
3.43135
3.33335
3.25124
3.1817
3.12173
3.06889
3.02137
2.97795
2.93784
2.90053
2.86571
2.83313
2.80263
2.77406
2.7473
2.72225
2.6988
2.67688
2.65642
2.63736
2.61965
2.60326
2.58815
2.57431
2.56174
2.55043
2.5404
2.53166
2.52421
2.51808
2.51325
2.50969
2.50737
2.50624
4.21535
4.02967
3.8546
3.69466
3.55303
3.43096
3.32776
3.24134
3.16886
3.10731
3.054
3.00675
2.96396
2.92458
2.88792
2.85359
2.82134
2.79101
2.76247
2.73562
2.71038
2.68667
2.66441
2.64353
2.624
2.60575
2.58875
2.57297
2.55839
2.545
2.53278
2.52176
2.51194
2.50334
2.496
2.48993
2.48514
2.48161
2.47931
2.47819
4.04645
3.8701
3.70738
3.561
3.43274
3.32298
3.23071
3.15377
3.08943
3.03484
2.98746
2.9453
2.90689
2.87129
2.83792
2.80645
2.7767
2.74856
2.72195
2.69681
2.67307
2.6507
2.62962
2.60981
2.59121
2.57379
2.55753
2.54239
2.52836
2.51544
2.50361
2.4929
2.48332
2.4749
2.46768
2.46168
2.45692
2.45342
2.45113
2.45002
3.90222
3.7329
3.57914
3.44263
3.3243
3.22397
3.14031
3.07106
3.0135
2.96486
2.92268
2.88504
2.85061
2.81849
2.78818
2.7594
2.73203
2.706
2.68125
2.65777
2.63551
2.61445
2.59455
2.57579
2.55813
2.54155
2.52603
2.51155
2.49809
2.48566
2.47426
2.46388
2.45457
2.44634
2.43925
2.43333
2.42862
2.42514
2.42287
2.42176
3.77683
3.61307
3.46612
3.33702
3.22623
3.13319
3.05632
2.99329
2.94133
2.89771
2.86001
2.82635
2.79545
2.76649
2.73899
2.71272
2.68758
2.66353
2.64057
2.61867
2.59783
2.57805
2.55929
2.54155
2.52482
2.50907
2.49429
2.48047
2.46761
2.45569
2.44472
2.43472
2.42569
2.41769
2.41075
2.40492
2.40026
2.3968
2.39454
2.39345
3.66629
3.50708
3.36553
3.24216
3.13718
3.04983
2.97835
2.92032
2.87297
2.83355
2.79967
2.76947
2.74169
2.71554
2.69058
2.6666
2.64353
2.62134
2.60004
2.57965
2.56017
2.5416
2.52394
2.5072
2.49135
2.47641
2.46237
2.44921
2.43694
2.42554
2.41503
2.40541
2.39671
2.38895
2.38218
2.37646
2.37187
2.36843
2.36618
2.36509
3.56775
3.41239
3.27524
3.15643
3.056
2.97313
2.90594
2.85194
2.80835
2.77242
2.74177
2.71454
2.68948
2.66582
2.64314
2.62124
2.60005
2.57957
2.55983
2.54084
2.52263
2.50521
2.4886
2.4728
2.45781
2.44365
2.43032
2.4178
2.40611
2.39524
2.3852
2.37599
2.36762
2.36013
2.35356
2.34797
2.34345
2.34004
2.3378
2.33671
3.47911
3.32709
3.19362
3.07854
2.98172
2.90239
2.83861
2.78786
2.74733
2.71428
2.68633
2.66164
2.63894
2.61746
2.59679
2.57675
2.55728
2.53836
2.52005
2.50236
2.48533
2.46899
2.45335
2.43844
2.42427
2.41085
2.39819
2.3863
2.37518
2.36483
2.35525
2.34645
2.33844
2.33123
2.32489
2.31946
2.31502
2.31166
2.30943
2.30834
3.39881
3.24972
3.1194
3.00745
2.91355
2.83699
2.77594
2.72779
2.68973
2.65904
2.63334
2.61078
2.59011
2.57053
2.55164
2.53325
2.51531
2.49782
2.4808
2.4643
2.44837
2.43302
2.41829
2.40421
2.3908
2.37808
2.36606
2.35476
2.34418
2.33433
2.32521
2.31682
2.30917
2.30228
2.29618
2.29092
2.28659
2.28328
2.28107
2.27998
3.32564
3.17916
3.05159
2.9423
2.85079
2.77642
2.71751
2.67142
2.63535
2.60658
2.58272
2.56196
2.54301
2.52507
2.50773
2.49081
2.47424
2.45801
2.44218
2.42677
2.41183
2.3974
2.38351
2.37019
2.35748
2.34541
2.33398
2.32323
2.31317
2.30379
2.29512
2.28714
2.27986
2.27328
2.26744
2.26238
2.25818
2.25494
2.25275
2.25167
3.25863
3.11453
2.98939
2.88239
2.79289
2.72024
2.66296
2.61849
2.584
2.55675
2.53441
2.51513
2.49763
2.48111
2.46512
2.44948
2.43411
2.41903
2.40425
2.38982
2.37579
2.36219
2.34906
2.33645
2.32438
2.3129
2.30202
2.29178
2.2822
2.27327
2.26502
2.25743
2.25051
2.24425
2.23869
2.23384
2.22979
2.22663
2.22447
2.2234
3.19705
3.0551
2.93214
2.82714
2.73935
2.66806
2.61199
2.56875
2.53546
2.50943
2.4883
2.47023
2.45395
2.43862
2.4238
2.40928
2.39498
2.3809
2.36707
2.35352
2.3403
2.32746
2.31503
2.30305
2.29157
2.28062
2.27025
2.26047
2.25132
2.24281
2.23495
2.22773
2.22116
2.21522
2.20993
2.20532
2.20143
2.19837
2.19626
2.19519
3.14026
3.00031
2.87931
2.77609
2.68977
2.61955
2.56433
2.52196
2.48958
2.46447
2.44429
2.42721
2.41192
2.39761
2.38379
2.37023
2.35686
2.34368
2.33068
2.31792
2.30543
2.29326
2.28145
2.27005
2.2591
2.24864
2.23871
2.22936
2.2206
2.21247
2.20497
2.1981
2.19185
2.18622
2.18121
2.17683
2.17313
2.17018
2.16812
2.16707
3.08777
2.94965
2.83046
2.72882
2.64377
2.57444
2.51977
2.47793
2.44617
2.42173
2.40228
2.38597
2.3715
2.35803
2.34505
2.33234
2.31978
2.30737
2.29512
2.28305
2.27122
2.25965
2.2484
2.2375
2.22702
2.21699
2.20747
2.19849
2.19009
2.1823
2.17512
2.16857
2.16263
2.15729
2.15255
2.1484
2.14489
2.14207
2.14008
2.13905
3.03915
2.90274
2.78521
2.685
2.60106
2.53246
2.47814
2.43652
2.4051
2.3811
2.36217
2.34645
2.33263
2.31984
2.30758
2.29558
2.28372
2.27199
2.26039
2.24894
2.23768
2.22665
2.21589
2.20545
2.19538
2.18574
2.17657
2.16792
2.15984
2.15235
2.14547
2.1392
2.13354
2.12847
2.12398
2.12007
2.11674
2.11407
2.11215
2.11114
2.99404
2.85923
2.74324
2.64434
2.56136
2.49336
2.43925
2.39761
2.36625
2.34248
2.32387
2.30857
2.29525
2.28302
2.27135
2.25995
2.24869
2.23755
2.22651
2.2156
2.20485
2.19429
2.18396
2.17392
2.16422
2.15492
2.14606
2.1377
2.12989
2.12266
2.11604
2.11003
2.10462
2.0998
2.09555
2.09185
2.08871
2.08618
2.08435
2.08338
2.95212
2.81883
2.70427
2.60658
2.52447
2.45694
2.40295
2.36112
2.32955
2.30576
2.2873
2.27227
2.25931
2.24751
2.23632
2.22542
2.21468
2.20403
2.19349
2.18304
2.17273
2.16258
2.15264
2.14295
2.13357
2.12455
2.11596
2.10786
2.10028
2.09329
2.08689
2.08111
2.07592
2.07133
2.06729
2.0638
2.06084
2.05845
2.05671
2.05577
2.91313
2.78126
2.66807
2.5715
2.49016
2.42302
2.36905
2.32694
2.29495
2.27089
2.2524
2.23749
2.22476
2.21328
2.20246
2.19197
2.18166
2.17144
2.16131
2.15128
2.14135
2.13155
2.12194
2.11255
2.10344
2.09468
2.08632
2.07843
2.07106
2.06426
2.05806
2.05247
2.04748
2.04309
2.03925
2.03594
2.03315
2.0309
2.02925
2.02836
2.87682
2.7463
2.63441
2.53888
2.45825
2.39144
2.33742
2.29495
2.26244
2.23788
2.21912
2.20417
2.19155
2.18028
2.16974
2.15959
2.14962
2.13976
2.12999
2.1203
2.11069
2.1012
2.09187
2.08274
2.07387
2.06532
2.05715
2.04944
2.04225
2.03561
2.02958
2.02416
2.01934
2.01512
2.01145
2.00831
2.00567
2.00355
2.002
2.00115
2.84297
2.71373
2.60308
2.50856
2.42859
2.36205
2.30792
2.26504
2.23191
2.20673
2.18748
2.1723
2.15966
2.14849
2.13814
2.12824
2.11855
2.10899
2.09951
2.0901
2.08077
2.07154
2.06245
2.05353
2.04486
2.03648
2.02848
2.02092
2.01387
2.00738
2.00148
1.9962
1.99153
1.98746
1.98394
1.98095
1.97846
1.97645
1.97499
1.97418
2.81136
2.68337
2.57391
2.48036
2.40102
2.33471
2.28044
2.2371
2.2033
2.17739
2.15752
2.14191
2.12907
2.11789
2.10764
2.09791
2.08843
2.0791
2.06986
2.06069
2.05159
2.04257
2.03367
2.02493
2.01642
2.00819
2.00032
1.99289
1.98595
1.97958
1.9738
1.96863
1.96409
1.96014
1.95676
1.95389
1.95152
1.94963
1.94825
1.94748
2.78182
2.65501
2.54672
2.45412
2.37538
2.3093
2.25487
2.21104
2.17654
2.14982
2.12922
2.11304
2.09984
2.0885
2.07824
2.06859
2.05926
2.0501
2.04104
2.03206
2.02314
2.01429
2.00555
1.99695
1.98857
1.98046
1.97269
1.96536
1.95852
1.95223
1.94655
1.94148
1.93704
1.93319
1.92992
1.92717
1.9249
1.9231
1.92179
1.92107
2.75416
2.62849
2.52134
2.42968
2.35156
2.2857
2.23111
2.18678
2.15154
2.12398
2.10255
2.08569
2.072
2.06036
2.04997
2.0403
2.03104
2.02199
2.01306
2.00421
1.99543
1.98671
1.97809
1.9696
1.96131
1.95329
1.94561
1.93835
1.93158
1.92537
1.91975
1.91476
1.9104
1.90664
1.90346
1.9008
1.89862
1.8969
1.89566
1.89497
2.72819
2.60364
2.49761
2.40689
2.32939
2.26378
2.20905
2.16425
2.12827
2.09983
2.07752
2.05988
2.04557
2.03352
2.02287
2.01309
2.00379
1.99478
1.98592
1.97716
1.96847
1.95984
1.9513
1.94289
1.93467
1.92671
1.91909
1.91188
1.90516
1.899
1.89344
1.88851
1.8842
1.88051
1.8774
1.87481
1.8727
1.87105
1.86986
1.8692
2.70375
2.58028
2.47538
2.38561
2.30877
2.24343
2.1886
2.14335
2.10664
2.07733
2.05409
2.0356
2.02059
2.008
1.997
1.98699
1.97758
1.96852
1.95967
1.95093
1.94228
1.9337
1.9252
1.91683
1.90865
1.90073
1.89314
1.88597
1.87928
1.87315
1.86763
1.86273
1.85847
1.85482
1.85176
1.84922
1.84717
1.84557
1.84442
1.84379
2.68067
2.55826
2.45447
2.36569
2.28954
2.22454
2.16966
2.12401
2.08662
2.05643
2.03226
2.01286
1.99707
1.98385
1.97238
1.96205
1.95244
1.94325
1.93433
1.92556
1.9169
1.90831
1.89982
1.89146
1.88329
1.87537
1.86779
1.86062
1.85395
1.84784
1.84233
1.83745
1.83321
1.82959
1.82655
1.82405
1.82204
1.82047
1.81935
1.81874
2.65878
2.5374
2.43475
2.34698
2.27158
2.20698
2.15212
2.10614
2.06812
2.0371
2.01199
1.99166
1.97503
1.9611
1.94907
1.93832
1.92841
1.91902
1.90995
1.90109
1.89235
1.88372
1.87518
1.86679
1.85859
1.85065
1.84306
1.83588
1.8292
1.82308
1.81756
1.81268
1.80845
1.80483
1.8018
1.79931
1.79731
1.79577
1.79467
1.79407
2.63791
2.51756
2.41605
2.32934
2.25475
2.19063
2.13588
2.08965
2.05108
2.01929
1.99327
1.97201
1.95448
1.93978
1.92711
1.91585
1.90555
1.89586
1.88658
1.87755
1.86869
1.85995
1.85133
1.84287
1.8346
1.82661
1.81897
1.81175
1.80504
1.79889
1.79335
1.78845
1.78419
1.78055
1.77751
1.77501
1.77301
1.77147
1.77038
1.76978
2.61789
2.49856
2.39821
2.31262
2.23892
2.17537
2.12083
2.07445
2.03543
2.00293
1.97605
1.95387
1.93545
1.91992
1.90654
1.8947
1.88392
1.87385
1.86427
1.85501
1.84595
1.83705
1.8283
1.81972
1.81136
1.80328
1.79556
1.78827
1.7815
1.7753
1.76971
1.76476
1.76045
1.75677
1.75369
1.75115
1.74913
1.74757
1.74647
1.74588
2.59858
2.48026
2.3811
2.29668
2.22396
2.16108
2.10686
2.06044
2.02107
1.98796
1.9603
1.93723
1.91791
1.90154
1.8874
1.8749
1.86357
1.85305
1.84309
1.83352
1.8242
1.81508
1.80615
1.7974
1.7889
1.78069
1.77286
1.76547
1.75861
1.75232
1.74665
1.74163
1.73725
1.73349
1.73034
1.72774
1.72567
1.72407
1.72296
1.72235
2.57981
2.4625
2.36456
2.28137
2.20972
2.14763
2.09385
2.04752
2.00791
1.9743
1.94594
1.92205
1.90187
1.88464
1.86971
1.8565
1.84455
1.83351
1.8231
1.81313
1.80349
1.7941
1.78491
1.77596
1.76726
1.75889
1.75091
1.74338
1.73639
1.72998
1.7242
1.71906
1.71457
1.71071
1.70746
1.70477
1.70262
1.70097
1.69981
1.69919
2.56144
2.44514
2.34845
2.26657
2.19609
2.13489
2.08169
2.03559
1.99587
1.96188
1.93291
1.90828
1.88727
1.86921
1.85348
1.83952
1.82691
1.81527
1.80434
1.79392
1.78389
1.77415
1.76466
1.75544
1.74651
1.73792
1.72974
1.72204
1.71488
1.70831
1.70237
1.69708
1.69244
1.68844
1.68504
1.68223
1.67997
1.67823
1.67702
1.67638
2.54333
2.42805
2.33264
2.25214
2.18293
2.12276
2.07026
2.02452
1.98484
1.95059
1.92114
1.89585
1.87408
1.85522
1.83869
1.82397
1.81065
1.79838
1.78687
1.77594
1.76544
1.75529
1.74545
1.7359
1.72668
1.71783
1.7094
1.70147
1.69409
1.68731
1.68116
1.67567
1.67084
1.66665
1.66308
1.6601
1.6577
1.65585
1.65456
1.65388
2.52537
2.41111
2.31701
2.23795
2.17013
2.11111
2.05946
2.01422
1.97472
1.94035
1.91053
1.88468
1.86223
1.84262
1.82531
1.80984
1.79579
1.78284
1.77071
1.7592
1.74819
1.73758
1.72731
1.71739
1.70782
1.69864
1.68992
1.6817
1.67405
1.667
1.6606
1.65486
1.64977
1.64534
1.64155
1.63836
1.63578
1.63379
1.63241
1.63168
2.50744
2.39422
2.30145
2.22391
2.15757
2.09984
2.04917
2.00459
1.9654
1.93105
1.90098
1.87469
1.85164
1.83134
1.8133
1.79708
1.7823
1.76865
1.75586
1.74375
1.73217
1.72104
1.7103
1.69993
1.68995
1.6804
1.67132
1.66276
1.65477
1.6474
1.64068
1.63462
1.62922
1.6245
1.62042
1.61699
1.61419
1.61202
1.61051
1.60972
2.48947
2.3773
2.28589
2.20991
2.14515
2.08883
2.03929
1.9955
1.95678
1.92258
1.8924
1.86577
1.84223
1.82131
1.80258
1.78564
1.77015
1.75579
1.74233
1.72957
1.71738
1.70568
1.69441
1.68355
1.67311
1.66312
1.65362
1.64465
1.63627
1.6285
1.62139
1.61494
1.60918
1.60409
1.59968
1.59594
1.59287
1.59049
1.58883
1.58796
2.47139
2.36028
2.27025
2.19589
2.13279
2.07799
2.02971
1.98686
1.94875
1.91483
1.88467
1.85783
1.83388
1.81242
1.79307
1.77546
1.75927
1.74421
1.73006
1.71664
1.70382
1.69151
1.67967
1.66826
1.6573
1.64682
1.63683
1.62739
1.61853
1.6103
1.60272
1.59582
1.5896
1.58409
1.57927
1.57517
1.57179
1.56915
1.56732
1.56636
2.45319
2.34315
2.25449
2.18178
2.12042
2.06725
2.02034
1.97857
1.94119
1.9077
1.87768
1.85073
1.82649
1.80458
1.78467
1.76644
1.74958
1.73384
1.71901
1.70491
1.69144
1.67849
1.66604
1.65404
1.64252
1.63147
1.62093
1.61095
1.60155
1.59277
1.58465
1.57721
1.57047
1.56445
1.55917
1.55463
1.55088
1.54795
1.54591
1.54484
2.43488
2.32591
2.23862
2.16756
2.10798
2.05651
2.0111
1.97051
1.934
1.90107
1.8713
1.84437
1.81993
1.79766
1.77727
1.75847
1.74098
1.72459
1.70909
1.69433
1.68018
1.66658
1.65349
1.64086
1.62872
1.61706
1.60591
1.59531
1.58529
1.5759
1.56716
1.5591
1.55175
1.54515
1.53931
1.53428
1.5301
1.52682
1.52453
1.52333
2.41651
2.30859
2.22265
2.15323
2.09544
2.04574
2.0019
1.9626
1.92707
1.8948
1.86542
1.8386
1.81407
1.79154
1.77074
1.75143
1.73337
1.71636
1.70021
1.68479
1.66998
1.65571
1.64195
1.62867
1.61586
1.60353
1.59172
1.58044
1.56974
1.55964
1.55019
1.54143
1.53339
1.52612
1.51965
1.51405
1.50937
1.50569
1.50311
1.50177
2.39816
2.29128
2.20664
2.13881
2.0828
2.03488
1.99267
1.95475
1.9203
1.8888
1.85989
1.8333
1.80877
1.78606
1.76494
1.74519
1.72661
1.70902
1.69225
1.67619
1.66072
1.64579
1.63135
1.61738
1.60388
1.59085
1.57831
1.5663
1.55483
1.54397
1.53373
1.52418
1.51536
1.50732
1.50014
1.49388
1.48862
1.48448
1.48157
1.48005
2.37996
2.2741
2.1907
2.12437
2.07008
2.02393
1.98337
1.94688
1.91357
1.88293
1.85461
1.82834
1.8039
1.7811
1.75973
1.73961
1.72056
1.70244
1.6851
1.66842
1.65231
1.63672
1.6216
1.60693
1.59271
1.57894
1.56564
1.55283
1.54055
1.52883
1.51773
1.5073
1.49761
1.48872
1.48072
1.4737
1.46779
1.4631
1.45981
1.45808
2.36208
2.2572
2.17495
2.11003
2.05735
2.01289
1.97397
1.93892
1.90682
1.8771
1.84943
1.82357
1.79931
1.7765
1.75496
1.73454
1.7151
1.6965
1.67861
1.66135
1.64463
1.62839
1.6126
1.59723
1.58227
1.56774
1.55363
1.53999
1.52683
1.51421
1.50217
1.49078
1.48012
1.47028
1.46135
1.45348
1.44679
1.44148
1.43773
1.43576
2.3447
2.24074
2.15956
2.09591
2.0447
2.00183
1.96447
1.93086
1.89997
1.87122
1.84427
1.81888
1.79489
1.77214
1.7505
1.72986
1.71008
1.69105
1.67268
1.65488
1.63757
1.6207
1.60425
1.58819
1.5725
1.55718
1.54226
1.52774
1.51367
1.50008
1.48703
1.47461
1.46288
1.45197
1.44201
1.43314
1.42557
1.41952
1.41522
1.41297
2.32802
2.22493
2.14472
2.08218
2.03228
1.99084
1.95494
1.92269
1.893
1.86524
1.83904
1.81418
1.79051
1.7679
1.74624
1.72543
1.70538
1.68599
1.66718
1.64888
1.63103
1.61357
1.59649
1.57974
1.56333
1.54724
1.53148
1.51608
1.50105
1.48645
1.47234
1.45879
1.44591
1.43382
1.42267
1.41268
1.40406
1.39712
1.39217
1.38957
2.31227
2.20997
2.13062
2.06905
2.02025
1.98006
1.94546
1.91447
1.88593
1.85913
1.83371
1.80942
1.78612
1.7637
1.74208
1.72117
1.70091
1.68122
1.66203
1.64328
1.62493
1.60693
1.58924
1.57185
1.55473
1.53788
1.5213
1.505
1.48901
1.47337
1.45814
1.4434
1.42926
1.41585
1.40338
1.39207
1.38222
1.3742
1.36845
1.36541
2.29764
2.19607
2.11746
2.0567
2.00882
1.96967
1.93619
1.90633
1.87883
1.85296
1.82829
1.80457
1.78168
1.7595
1.73797
1.71702
1.69661
1.67667
1.65716
1.63803
1.61923
1.60073
1.58249
1.56449
1.54671
1.52912
1.51174
1.49457
1.47761
1.46092
1.44454
1.42854
1.41304
1.39819
1.3842
1.37135
1.36002
1.35068
1.34391
1.3403
2.28432
2.18339
2.10544
2.04535
1.9982
1.95989
1.92733
1.89843
1.87186
1.84682
1.82286
1.79971
1.77722
1.75531
1.73391
1.71297
1.69247
1.67234
1.65257
1.63311
1.61393
1.59499
1.57625
1.5577
1.53929
1.52103
1.50288
1.48486
1.46697
1.44923
1.43167
1.41437
1.39743
1.38099
1.36529
1.35064
1.3375
1.32649
1.31837
1.31401
2.27247
2.1721
2.0947
2.03516
1.98859
1.95094
1.91911
1.891
1.86521
1.8409
1.81758
1.79495
1.77286
1.75122
1.72997
1.70908
1.68853
1.66827
1.6483
1.62857
1.60907
1.58975
1.57058
1.55153
1.53257
1.51368
1.49484
1.47602
1.45723
1.43847
1.41976
1.40113
1.38268
1.36453
1.3469
1.33014
1.31477
1.30159
1.29166
1.28622
2.26222
2.16233
2.08539
2.02629
1.98017
1.94302
1.91177
1.88428
1.85913
1.83543
1.81265
1.79048
1.76875
1.74736
1.72627
1.70546
1.68489
1.66455
1.64442
1.62449
1.60473
1.5851
1.56557
1.5461
1.52666
1.50722
1.48775
1.46822
1.44861
1.42889
1.40906
1.38913
1.36915
1.34919
1.32944
1.31023
1.29212
1.27606
1.26355
1.2565
2.25367
2.15417
2.07761
2.01885
1.97309
1.93633
1.90552
1.87852
1.85387
1.83065
1.80831
1.78652
1.76509
1.74393
1.72299
1.70225
1.68169
1.66131
1.64108
1.621
1.60104
1.58117
1.56134
1.54153
1.52169
1.50179
1.48179
1.46165
1.44131
1.42075
1.39991
1.37876
1.35729
1.33552
1.31353
1.29156
1.2701
1.25019
1.23383
1.22416
2.24693
2.14773
2.07145
2.01295
1.96746
1.93101
1.90055
1.87392
1.84966
1.82681
1.8048
1.78329
1.7621
1.74112
1.72031
1.69964
1.6791
1.6587
1.63841
1.61823
1.59813
1.57807
1.55803
1.53796
1.51782
1.49756
1.47715
1.45651
1.43559
1.41432
1.39263
1.37043
1.34765
1.32419
1.30002
1.27515
1.24983
1.22486
1.20253
1.18803
2.24214
2.14316
2.06702
2.00868
1.9634
1.92719
1.89702
1.87067
1.84669
1.8241
1.80232
1.78101
1.75998
1.73913
1.7184
1.69779
1.67728
1.65687
1.63655
1.61631
1.59612
1.57595
1.55576
1.53551
1.51517
1.49467
1.47396
1.45298
1.43165
1.40988
1.38757
1.36458
1.34078
1.31598
1.28997
1.2625
1.23331
1.20237
1.17089
1.14594
2.23957
2.14069
2.06455
2.00627
1.96112
1.92509
1.8951
1.86894
1.84512
1.82268
1.80103
1.77983
1.75889
1.7381
1.71742
1.69684
1.67635
1.65595
1.63562
1.61535
1.59511
1.57488
1.55462
1.53428
1.51383
1.49321
1.47236
1.4512
1.42965
1.40761
1.38496
1.36155
1.33719
1.31163
1.28455
1.25545
1.22362
1.18783
1.14592
1.09569
)
;

boundaryField
{
    insulatedWall
    {
        type            calculated;
        value           nonuniform List<scalar> 
280
(
4.40761
4.23786
4.0899
3.96137
3.84986
3.75313
3.66912
3.59597
3.53208
3.47603
3.42659
3.38271
3.3435
3.30819
3.27612
3.24672
3.21953
3.19411
3.17011
3.14723
3.1252
3.10379
3.0828
3.06207
3.04144
3.0208
3.00005
2.97909
2.95784
2.93626
2.9143
2.89192
2.86909
2.8458
2.82205
2.79783
2.77315
2.74802
2.72247
2.69652
2.67019
2.64351
2.61652
2.58926
2.56174
2.53401
2.50611
2.47805
2.44988
2.42162
2.3933
2.36494
2.33656
2.30818
2.27983
2.2515
2.22323
2.19502
2.1669
2.13887
2.11097
2.0832
2.05559
2.02817
2.00096
1.97399
1.94729
1.92088
1.89478
1.86901
1.8436
1.81855
1.79388
1.7696
1.74569
1.72217
1.69901
1.67619
1.6537
1.63149
1.60953
1.58777
1.56616
1.54463
1.52312
1.50154
1.47981
1.45783
1.43548
1.41266
1.38922
1.36501
1.33983
1.31344
1.28551
1.25557
1.22286
1.18596
1.14183
1.07986
1.07989
1.14183
1.18579
1.22233
1.25454
1.28385
1.31108
1.33673
1.36116
1.38462
1.40731
1.42938
1.45095
1.47213
1.493
1.51363
1.53409
1.55444
1.57471
1.59495
1.61519
1.63547
1.6558
1.67621
1.69671
1.7173
1.73798
1.75878
1.77973
1.80095
1.8226
1.84505
1.86888
1.89506
1.92506
1.9611
2.00626
2.06454
2.14069
2.23957
2.23957
2.14068
2.06454
2.00626
1.9611
1.92506
1.89505
1.86888
1.84505
1.8226
1.80094
1.77973
1.75877
1.73798
1.71729
1.6967
1.67621
1.6558
1.63546
1.61519
1.59494
1.5747
1.55443
1.53409
1.51363
1.49299
1.47212
1.45095
1.42937
1.40731
1.38462
1.36116
1.33673
1.31108
1.28385
1.25454
1.22233
1.18579
1.14183
1.07989
2.67019
2.64351
2.61652
2.58925
2.56174
2.53401
2.50611
2.47805
2.44988
2.42162
2.3933
2.36494
2.33656
2.30818
2.27983
2.2515
2.22323
2.19503
2.1669
2.13888
2.11097
2.0832
2.05559
2.02817
2.00096
1.974
1.94729
1.92088
1.89478
1.86902
1.8436
1.81856
1.79389
1.7696
1.7457
1.72217
1.69901
1.67619
1.6537
1.63149
1.60953
1.58777
1.56616
1.54464
1.52312
1.50154
1.47981
1.45783
1.43548
1.41266
1.38922
1.36501
1.33982
1.31344
1.28551
1.25557
1.22285
1.18596
1.14183
1.07986
4.40762
4.23786
4.08991
3.96137
3.84987
3.75313
3.66912
3.59598
3.53209
3.47603
3.42659
3.38271
3.3435
3.30819
3.27612
3.24673
3.21953
3.19411
3.17011
3.14723
3.1252
3.10379
3.0828
3.06207
3.04144
3.0208
3.00005
2.97909
2.95784
2.93626
2.9143
2.89192
2.86909
2.8458
2.82205
2.79783
2.77315
2.74802
2.72247
2.69652
)
;
    }
    electrodeHV
    {
        type            calculated;
        value           nonuniform List<scalar> 
140
(
13.4484
8.05765
6.40022
5.60857
5.12353
4.78232
4.52216
4.31347
4.14015
3.99255
3.86445
3.75164
3.65116
3.56082
3.47902
3.40448
3.33625
3.27354
3.21571
3.16226
3.11274
3.06679
3.02409
2.98436
2.94735
2.91284
2.88061
2.85048
2.82224
2.79574
2.77078
2.74719
2.72481
2.70347
2.683
2.66323
2.64402
2.62521
2.60667
2.58826
2.56989
2.55146
2.53293
2.51427
2.49549
2.47664
2.45781
2.43914
2.42079
2.40296
2.38585
2.36969
2.35469
2.34104
2.3289
2.3184
2.30964
2.30273
2.29781
2.29512
14.6443
9.60151
8.11858
7.46891
7.11272
6.89302
6.75037
6.65783
6.60178
6.57527
6.57527
6.60178
6.65783
6.75037
6.89302
7.11272
7.46891
8.11858
9.60151
14.6443
13.4484
8.05766
6.40023
5.60857
5.12354
4.78232
4.52217
4.31348
4.14016
3.99255
3.86445
3.75165
3.65116
3.56083
3.47902
3.40449
3.33625
3.27354
3.21571
3.16226
3.11274
3.06679
3.02409
2.98436
2.94735
2.91283
2.8806
2.85047
2.82223
2.79572
2.77076
2.74718
2.7248
2.70345
2.68298
2.66322
2.64401
2.6252
2.60665
2.58825
2.56987
2.55145
2.53292
2.51426
2.49548
2.47663
2.4578
2.43913
2.42078
2.40295
2.38585
2.36969
2.35469
2.34104
2.3289
2.3184
2.30964
2.30273
2.2978
2.29511
)
;
    }
    electrodeG
    {
        type            calculated;
        value           nonuniform List<scalar> 
100
(
4.49858
4.50033
4.50303
4.50652
4.51074
4.51568
4.52135
4.52773
4.53481
4.54258
4.55101
4.56008
4.56977
4.58005
4.59088
4.60225
4.61412
4.62645
4.63921
4.65237
4.66589
4.67972
4.69383
4.70817
4.72269
4.73735
4.75208
4.76685
4.78158
4.79623
4.81074
4.82504
4.83909
4.85284
4.86621
4.87916
4.89162
4.90353
4.91482
4.92542
4.93529
4.94434
4.95254
4.95983
4.96616
4.9715
4.9758
4.97905
4.98123
4.98233
4.98233
4.98123
4.97905
4.9758
4.9715
4.96616
4.95983
4.95255
4.94435
4.93529
4.92543
4.91482
4.90353
4.89163
4.87917
4.86622
4.85284
4.8391
4.82505
4.81074
4.79624
4.78159
4.76685
4.75209
4.73735
4.7227
4.70817
4.69383
4.67972
4.66589
4.65237
4.63922
4.62645
4.61412
4.60226
4.59089
4.58005
4.56978
4.56009
4.55102
4.54259
4.53482
4.52774
4.52135
4.51569
4.51074
4.50652
4.50304
4.50033
4.49858
)
;
    }
    frontAndBack
    {
        type            empty;
    }
}


// ************************************************************************* //
