/*--------------------------------*- C++ -*----------------------------------*\
  =========                 |
  \\      /  F ield         | OpenFOAM: The Open Source CFD Toolbox
   \\    /   O peration     | Website:  https://openfoam.org
    \\  /    A nd           | Version:  6
     \\/     M anipulation  |
\*---------------------------------------------------------------------------*/
FoamFile
{
    version     2.0;
    format      ascii;
    class       volScalarField;
    location    "10";
    object      phii;
}
// * * * * * * * * * * * * * * * * * * * * * * * * * * * * * * * * * * * * * //

dimensions      [1 2 -3 0 0 -1 0];

internalField   nonuniform List<scalar> 
8800
(
12.4983
12.5048
12.5148
12.5276
12.5432
12.5615
12.5824
12.6059
12.632
12.6606
12.6917
12.7251
12.7607
12.7984
12.8382
12.8799
12.9234
12.9685
13.0152
13.0633
13.1127
13.1631
13.2145
13.2667
13.3195
13.3727
13.4262
13.4797
13.533
13.586
13.6384
13.69
13.7406
13.7901
13.8382
13.8847
13.9294
13.9721
14.0126
14.0505
36.1459
36.1622
36.1901
36.2274
36.273
36.3269
36.3886
36.4582
36.5354
36.6201
36.712
36.8108
36.9163
37.0282
37.1462
37.2699
37.3989
37.533
37.6717
37.8146
37.9613
38.1113
38.2642
38.4195
38.5767
38.7352
38.8944
39.0539
39.2128
39.3708
39.527
39.681
39.8321
39.9798
40.1235
40.2624
40.396
40.5236
40.6444
40.7578
58.6006
58.6267
58.6717
58.7323
58.8072
58.8956
58.9973
59.112
59.2393
59.3789
59.5305
59.6937
59.8679
60.0528
60.2477
60.4522
60.6656
60.8875
61.117
61.3537
61.5967
61.8453
62.0988
62.3564
62.6171
62.8802
63.1445
63.4093
63.6734
63.9358
64.1956
64.4517
64.7032
64.9491
65.1884
65.4199
65.6424
65.855
66.0564
66.2454
80.007
80.0431
80.105
80.1886
80.2919
80.4142
80.555
80.7138
80.8902
81.0839
81.2943
81.5207
81.7627
82.0195
82.2905
82.5748
82.8718
83.1806
83.5002
83.8299
84.1686
84.5153
84.869
85.2284
85.5925
85.96
86.3295
86.6996
87.069
87.4362
87.7999
88.1588
88.5115
88.8564
89.1922
89.5171
89.8296
90.1282
90.4111
90.6767
100.496
100.542
100.621
100.727
100.858
101.014
101.193
101.395
101.62
101.867
102.135
102.424
102.733
103.061
103.408
103.771
104.151
104.546
104.956
105.378
105.813
106.258
106.712
107.173
107.641
108.114
108.589
109.065
109.541
110.014
110.483
110.947
111.402
111.848
112.282
112.702
113.107
113.493
113.859
114.203
120.182
120.238
120.334
120.463
120.622
120.81
121.027
121.273
121.545
121.845
122.171
122.522
122.897
123.296
123.717
124.16
124.623
125.105
125.604
126.12
126.651
127.194
127.75
128.315
128.888
129.467
130.049
130.634
131.218
131.8
132.377
132.947
133.508
134.058
134.593
135.111
135.61
136.087
136.54
136.965
139.168
139.234
139.347
139.498
139.684
139.905
140.16
140.448
140.768
141.12
141.503
141.916
142.358
142.828
143.324
143.847
144.393
144.962
145.552
146.162
146.79
147.434
148.093
148.763
149.443
150.131
150.824
151.52
152.215
152.909
153.598
154.279
154.949
155.606
156.247
156.867
157.465
158.036
158.578
159.087
157.542
157.618
157.747
157.92
158.134
158.387
158.679
159.01
159.377
159.782
160.222
160.697
161.206
161.747
162.319
162.922
163.553
164.211
164.893
165.6
166.327
167.074
167.838
168.616
169.407
170.207
171.014
171.825
172.636
173.446
174.251
175.048
175.833
176.602
177.352
178.079
178.78
179.45
180.086
180.684
175.38
175.465
175.61
175.805
176.046
176.332
176.661
177.034
177.449
177.906
178.404
178.942
179.518
180.132
180.782
181.466
182.183
182.932
183.709
184.514
185.344
186.197
187.07
187.961
188.866
189.783
190.708
191.639
192.572
193.504
194.431
195.348
196.253
197.14
198.006
198.846
199.655
200.429
201.164
201.855
192.746
192.84
193.001
193.218
193.486
193.804
194.171
194.587
195.05
195.561
196.117
196.719
197.364
198.051
198.78
199.548
200.354
201.195
202.071
202.978
203.914
204.876
205.863
206.87
207.895
208.934
209.984
211.041
212.101
213.161
214.216
215.262
216.293
217.305
218.292
219.251
220.175
221.059
221.898
222.688
209.697
209.8
209.976
210.214
210.509
210.859
211.265
211.724
212.236
212.801
213.417
214.083
214.799
215.563
216.372
217.227
218.124
219.062
220.038
221.051
222.098
223.175
224.28
225.41
226.56
227.727
228.908
230.098
231.293
232.488
233.678
234.859
236.023
237.167
238.284
239.368
240.413
241.414
242.364
243.259
226.279
226.389
226.58
226.839
227.162
227.545
227.989
228.492
229.054
229.674
230.352
231.085
231.873
232.715
233.608
234.552
235.544
236.582
237.664
238.787
239.949
241.147
242.376
243.634
244.916
246.218
247.537
248.867
250.204
251.542
252.876
254.199
255.506
256.789
258.042
259.259
260.433
261.558
262.626
263.631
242.532
242.649
242.855
243.135
243.484
243.901
244.384
244.932
245.545
246.222
246.962
247.765
248.628
249.55
250.53
251.567
252.657
253.8
254.992
256.231
257.513
258.836
260.196
261.588
263.01
264.455
265.919
267.398
268.885
270.375
271.86
273.334
274.791
276.222
277.62
278.979
280.289
281.545
282.738
283.862
258.488
258.613
258.832
259.133
259.51
259.96
260.483
261.077
261.743
262.478
263.283
264.157
265.097
266.103
267.174
268.307
269.5
270.751
272.058
273.417
274.826
276.281
277.778
279.313
280.88
282.476
284.094
285.73
287.376
289.026
290.672
292.307
293.922
295.511
297.063
298.571
300.027
301.422
302.748
303.997
274.177
274.308
274.541
274.862
275.267
275.751
276.314
276.956
277.675
278.471
279.343
280.29
281.311
282.404
283.568
284.801
286.101
287.466
288.892
290.378
291.92
293.513
295.154
296.838
298.56
300.315
302.096
303.897
305.711
307.531
309.347
311.152
312.937
314.691
316.407
318.075
319.685
321.229
322.696
324.079
289.62
289.757
290.004
290.346
290.778
291.297
291.902
292.592
293.366
294.224
295.165
296.188
297.292
298.475
299.736
301.074
302.485
303.968
305.52
307.138
308.818
310.557
312.349
314.19
316.075
317.997
319.949
321.926
323.918
325.917
327.914
329.9
331.864
333.796
335.685
337.523
339.297
340.999
342.617
344.142
304.838
304.98
305.24
305.603
306.063
306.617
307.265
308.005
308.836
309.758
310.77
311.871
313.061
314.337
315.699
317.145
318.672
320.278
321.961
323.717
325.542
327.433
329.384
331.39
333.445
335.543
337.677
339.838
342.019
344.208
346.397
348.574
350.728
352.849
354.924
356.942
358.892
360.762
362.541
364.218
319.845
319.993
320.265
320.649
321.137
321.728
322.419
323.209
324.098
325.086
326.172
327.354
328.632
330.005
331.471
333.029
334.677
336.411
338.23
340.13
342.106
344.156
346.273
348.452
350.687
352.971
355.296
357.652
360.031
362.422
364.814
367.194
369.551
371.873
374.145
376.356
378.493
380.544
382.495
384.335
334.654
334.807
335.093
335.497
336.014
336.641
337.376
338.218
339.167
340.222
341.383
342.649
344.018
345.491
347.065
348.739
350.511
352.378
354.339
356.388
358.523
360.738
363.029
365.39
367.813
370.292
372.817
375.38
377.969
380.573
383.18
385.777
388.35
390.885
393.369
395.787
398.124
400.368
402.504
404.519
349.275
349.434
349.732
350.157
350.703
351.366
352.146
353.042
354.052
355.176
356.414
357.765
359.229
360.804
362.489
364.283
366.184
368.189
370.295
372.5
374.799
377.188
379.66
382.21
384.831
387.515
390.252
393.031
395.843
398.673
401.509
404.336
407.139
409.903
412.612
415.251
417.805
420.257
422.592
424.795
363.715
363.88
364.19
364.636
365.211
365.912
366.738
367.687
368.759
369.954
371.271
372.71
374.27
375.95
377.75
379.667
381.701
383.848
386.106
388.471
390.941
393.509
396.171
398.919
401.746
404.645
407.604
410.613
413.659
416.729
419.808
422.88
425.929
428.938
431.89
434.767
437.553
440.229
442.78
445.187
377.981
378.151
378.474
378.941
379.545
380.284
381.156
382.16
383.295
384.562
385.959
387.488
389.146
390.934
392.851
394.895
397.065
399.358
401.772
404.304
406.95
409.705
412.563
415.518
418.562
421.685
424.878
428.128
431.423
434.747
438.084
441.418
444.73
448.002
451.215
454.349
457.386
460.306
463.09
465.72
392.076
392.252
392.588
393.075
393.709
394.486
395.404
396.463
397.663
399.002
400.482
402.101
403.86
405.758
407.794
409.968
412.277
414.721
417.296
419.999
422.827
425.775
428.837
432.007
435.276
438.636
442.074
445.579
449.136
452.729
456.342
459.955
463.549
467.105
470.599
474.013
477.323
480.508
483.547
486.418
406.003
406.184
406.533
407.042
407.705
408.52
409.485
410.6
411.864
413.277
414.839
416.551
418.412
420.421
422.58
424.885
427.337
429.935
432.674
435.554
438.57
441.717
444.991
448.384
451.888
455.493
459.189
462.962
466.796
470.676
474.582
478.495
482.393
486.254
490.054
493.771
497.379
500.854
504.173
507.309
419.764
419.95
420.312
420.841
421.534
422.387
423.399
424.57
425.899
427.386
429.032
430.837
432.801
434.924
437.205
439.645
442.243
444.997
447.905
450.965
454.173
457.526
461.018
464.643
468.391
472.254
476.22
480.274
484.402
488.586
492.806
497.04
501.265
505.457
509.59
513.638
517.573
521.368
524.994
528.423
433.358
433.55
433.924
434.474
435.196
436.087
437.146
438.373
439.767
441.329
443.059
444.957
447.025
449.262
451.669
454.245
456.99
459.903
462.982
466.227
469.633
473.197
476.914
480.777
484.779
488.91
493.158
497.51
501.948
506.454
511.009
515.588
520.167
524.718
529.215
533.627
537.923
542.071
546.039
549.793
446.784
446.982
447.369
447.94
448.691
449.62
450.726
452.008
453.467
455.103
456.917
458.91
461.081
463.433
465.965
468.678
471.572
474.646
477.9
481.332
484.94
488.72
492.668
496.778
501.042
505.452
509.995
514.658
519.424
524.273
529.186
534.136
539.098
544.042
548.939
553.753
558.449
562.992
567.341
571.458
460.042
460.245
460.645
461.236
462.016
462.983
464.135
465.472
466.996
468.706
470.604
472.69
474.966
477.432
480.09
482.941
485.984
489.221
492.651
496.273
500.085
504.086
508.27
512.633
517.169
521.867
526.718
531.707
536.818
542.033
547.328
552.678
558.056
563.43
568.767
574.028
579.173
584.157
588.936
593.463
473.129
473.338
473.75
474.362
475.17
476.173
477.371
478.763
480.351
482.134
484.114
486.294
488.673
491.253
494.037
497.025
500.219
503.619
507.226
511.039
515.059
519.283
523.708
528.33
533.144
538.141
543.311
548.642
554.117
559.717
565.421
571.203
577.034
582.88
588.705
594.466
600.116
605.602
610.869
615.861
486.042
486.257
486.682
487.313
488.15
489.189
490.432
491.877
493.527
495.383
497.445
499.716
502.197
504.891
507.799
510.924
514.267
517.83
521.614
525.62
529.848
534.298
538.967
543.853
548.952
554.256
559.757
565.443
571.299
577.309
583.45
589.697
596.021
602.388
608.756
615.08
621.303
627.363
633.191
638.717
498.779
499
499.437
500.088
500.951
502.026
503.312
504.81
506.522
508.448
510.59
512.951
515.533
518.339
521.37
524.63
528.121
531.845
535.806
540.004
544.44
549.117
554.032
559.185
564.573
570.191
576.032
582.087
588.342
594.783
601.389
608.138
615
621.941
628.918
635.879
642.76
649.483
655.964
662.112
511.336
511.562
512.011
512.682
513.571
514.681
516.009
517.558
519.329
521.324
523.545
525.994
528.674
531.589
534.741
538.133
541.77
545.654
549.789
554.177
558.821
563.724
568.885
574.307
579.987
585.924
592.113
598.547
605.217
612.11
619.21
626.496
633.944
641.52
649.181
656.87
664.511
672.011
679.262
686.144
523.71
523.942
524.402
525.091
526.006
527.148
528.518
530.116
531.945
534.006
536.303
538.837
541.613
544.634
547.904
551.426
555.205
559.246
563.552
568.127
572.976
578.102
583.508
589.197
595.17
601.429
607.97
614.792
621.889
629.253
636.873
644.735
652.818
661.096
669.526
678.049
686.579
695.001
703.175
710.939
535.897
536.133
536.605
537.311
538.251
539.425
540.834
542.48
544.364
546.489
548.859
551.476
554.344
557.468
560.851
564.499
568.417
572.609
577.082
581.84
586.888
592.233
597.88
603.833
610.097
616.675
623.571
630.785
638.317
646.167
654.33
662.802
671.571
680.621
689.916
699.399
708.977
718.51
727.812
736.657
547.892
548.134
548.617
549.34
550.303
551.507
552.954
554.644
556.582
558.768
561.207
563.903
566.86
570.082
573.575
577.344
581.395
585.734
590.367
595.301
600.543
606.1
611.981
618.191
624.74
631.634
638.88
646.485
654.455
662.799
671.522
680.633
690.134
700.026
710.29
720.879
731.698
742.587
753.298
763.506
559.692
559.939
560.432
561.171
562.157
563.39
564.872
566.605
568.592
570.837
573.342
576.113
579.154
582.471
586.068
589.952
594.129
598.607
603.394
608.496
613.923
619.684
625.789
632.248
639.071
646.27
653.858
661.846
670.251
679.088
688.379
698.146
708.416
719.214
730.549
742.402
754.697
767.26
779.774
791.763
571.294
571.545
572.048
572.802
573.808
575.068
576.584
578.357
580.392
582.691
585.259
588.101
591.221
594.626
598.321
602.314
606.611
611.22
616.151
621.412
627.013
632.967
639.283
645.977
653.061
660.551
668.465
676.823
685.647
694.966
704.817
715.244
726.301
738.048
750.543
763.819
777.853
792.493
807.374
821.802
582.693
582.949
583.46
584.229
585.254
586.539
588.086
589.897
591.975
594.326
596.952
599.86
603.055
606.542
610.329
614.422
618.83
623.562
628.627
634.035
639.798
645.93
652.444
659.355
666.681
674.443
682.661
691.364
700.583
710.36
720.748
731.814
743.647
756.354
770.058
784.882
800.91
818.109
836.15
854.121
593.886
594.146
594.666
595.447
596.49
597.798
599.374
601.219
603.339
605.736
608.417
611.386
614.649
618.212
622.083
626.269
630.779
635.623
640.81
646.353
652.264
658.557
665.25
672.359
679.905
687.912
696.407
705.423
715.002
725.196
736.075
747.733
760.293
773.917
788.808
805.213
823.402
843.619
865.856
889.301
604.869
605.133
605.66
606.453
607.513
608.843
610.444
612.321
614.478
616.919
619.649
622.674
625.999
629.631
633.578
637.848
642.45
647.394
652.691
658.353
664.396
670.833
677.684
684.968
692.707
700.929
709.665
718.955
728.845
739.401
750.707
762.879
776.072
790.499
806.447
824.296
844.564
867.957
895.36
927.458
14.0858
14.1182
14.1475
14.1735
14.1961
14.2151
14.2305
14.2421
14.2498
14.2538
14.2538
14.2498
14.2421
14.2305
14.2151
14.1961
14.1735
14.1475
14.1182
14.0858
40.8632
40.96
41.0475
41.1252
41.1927
41.2496
41.2955
41.3301
41.3533
41.365
41.365
41.3533
41.3301
41.2955
41.2496
41.1927
41.1252
41.0475
40.96
40.8633
66.4211
66.5824
66.7284
66.858
66.9706
67.0654
67.1419
67.1997
67.2384
67.2578
67.2578
67.2384
67.1997
67.1419
67.0654
66.9706
66.858
66.7284
66.5825
66.4212
90.9237
91.1504
91.3555
91.5377
91.696
91.8294
91.937
92.0182
92.0726
92.0999
92.0999
92.0726
92.0182
91.937
91.8294
91.6961
91.5378
91.3555
91.1504
90.9237
114.523
114.817
115.083
115.319
115.524
115.697
115.836
115.942
116.012
116.048
116.048
116.012
115.942
115.836
115.697
115.524
115.319
115.083
114.817
114.523
137.36
137.723
138.052
138.344
138.597
138.811
138.984
139.114
139.201
139.245
139.245
139.201
139.114
138.984
138.811
138.597
138.344
138.052
137.723
137.36
159.561
159.996
160.391
160.741
161.045
161.302
161.509
161.666
161.77
161.823
161.823
161.77
161.666
161.509
161.302
161.045
160.741
160.391
159.997
159.561
181.24
181.752
182.215
182.626
182.984
183.286
183.53
183.713
183.837
183.898
183.898
183.837
183.713
183.53
183.286
182.984
182.627
182.215
181.752
181.241
202.499
203.09
203.626
204.102
204.517
204.866
205.148
205.361
205.504
205.575
205.575
205.504
205.361
205.148
204.866
204.517
204.103
203.626
203.09
202.499
223.424
224.1
224.713
225.258
225.732
226.132
226.455
226.699
226.862
226.944
226.944
226.862
226.699
226.455
226.132
225.732
225.258
224.713
224.1
223.424
244.092
244.858
245.553
246.171
246.709
247.162
247.528
247.805
247.991
248.084
248.084
247.991
247.805
247.529
247.162
246.709
246.171
245.553
244.858
244.092
264.568
265.43
266.212
266.907
267.512
268.023
268.436
268.748
268.956
269.061
269.061
268.956
268.748
268.436
268.023
267.513
266.907
266.212
265.43
264.568
284.909
285.872
286.746
287.524
288.201
288.773
289.235
289.584
289.818
289.935
289.935
289.818
289.584
289.235
288.773
288.202
287.524
286.746
285.872
284.909
305.161
306.233
307.205
308.071
308.825
309.461
309.976
310.364
310.625
310.756
310.756
310.625
310.364
309.976
309.461
308.825
308.071
307.206
306.233
305.162
325.368
326.555
327.632
328.591
329.427
330.132
330.702
331.133
331.422
331.567
331.567
331.422
331.133
330.702
330.132
329.427
328.592
327.632
326.555
325.368
345.564
346.874
348.063
349.122
350.045
350.824
351.454
351.93
352.249
352.409
352.409
352.249
351.93
351.454
350.824
350.045
349.122
348.063
346.874
345.564
365.783
367.224
368.532
369.698
370.714
371.572
372.266
372.79
373.142
373.318
373.318
373.142
372.79
372.266
371.572
370.714
369.699
368.532
367.224
365.783
386.052
387.634
389.071
390.351
391.467
392.409
393.171
393.747
394.134
394.327
394.327
394.134
393.747
393.171
392.409
391.467
390.351
389.071
387.634
386.052
406.4
408.133
409.708
411.111
412.334
413.367
414.202
414.834
415.257
415.47
415.47
415.257
414.834
414.202
413.367
412.334
411.111
409.708
408.134
406.4
426.853
428.749
430.472
432.008
433.346
434.476
435.39
436.081
436.545
436.777
436.777
436.545
436.081
435.39
434.476
433.346
432.008
430.472
428.749
426.853
447.436
449.509
451.392
453.071
454.534
455.769
456.768
457.523
458.029
458.283
458.283
458.029
457.523
456.768
455.769
454.534
453.071
451.392
449.509
447.436
468.176
470.441
472.498
474.332
475.93
477.279
478.369
479.193
479.746
480.023
480.023
479.746
479.193
478.369
477.279
475.93
474.332
472.498
470.441
468.176
489.1
491.575
493.822
495.825
497.569
499.04
500.229
501.128
501.73
502.032
502.032
501.73
501.128
500.229
499.04
497.569
495.825
493.822
491.575
489.101
510.24
512.944
515.398
517.585
519.488
521.093
522.389
523.367
524.023
524.351
524.351
524.023
523.367
522.389
521.093
519.488
517.585
515.398
512.944
510.24
531.628
534.584
537.266
539.655
541.731
543.48
544.891
545.956
546.669
547.026
547.026
546.669
545.956
544.891
543.48
541.731
539.655
537.267
534.584
531.628
553.302
556.537
559.471
562.08
564.345
566.251
567.786
568.943
569.717
570.105
570.105
569.717
568.943
567.786
566.251
564.345
562.08
559.471
556.537
553.303
575.307
578.852
582.063
584.915
587.386
589.461
591.13
592.386
593.224
593.644
593.644
593.224
592.386
591.13
589.461
587.386
584.915
582.063
578.852
575.307
597.693
601.585
605.105
608.224
610.919
613.176
614.987
616.346
617.253
617.706
617.706
617.253
616.346
614.987
613.176
610.919
608.224
605.105
601.585
597.693
620.523
624.807
628.67
632.082
635.02
637.471
639.43
640.897
641.873
642.361
642.361
641.873
640.897
639.43
637.471
635.02
632.082
628.671
624.807
620.523
643.874
648.601
652.848
656.581
659.779
662.434
664.547
666.123
667.168
667.689
667.689
667.168
666.123
664.547
662.434
659.779
656.581
652.848
648.601
643.874
667.841
673.072
677.748
681.831
685.305
688.17
690.436
692.117
693.228
693.78
693.78
693.228
692.117
690.436
688.17
685.305
681.831
677.748
673.072
667.841
692.542
698.353
703.508
707.969
711.729
714.801
717.21
718.987
720.155
720.734
720.734
720.155
718.987
717.211
714.801
711.729
707.969
703.508
698.353
692.542
718.13
724.614
730.302
735.162
739.205
742.468
745.001
746.851
748.061
748.658
748.658
748.061
746.851
745.001
742.468
739.205
735.162
730.302
724.614
718.131
744.809
752.076
758.351
763.616
767.919
771.335
773.95
775.84
777.066
777.668
777.668
777.066
775.84
773.95
771.335
767.919
763.616
758.351
752.076
744.809
772.85
781.038
787.942
793.587
798.086
801.582
804.212
806.087
807.292
807.881
807.881
807.292
806.087
804.212
801.582
798.086
793.587
787.942
781.039
772.85
802.641
811.914
819.448
825.38
829.95
833.403
835.943
837.726
838.859
839.409
839.409
838.859
837.726
835.943
833.403
829.95
825.38
819.448
811.914
802.641
834.765
845.297
853.356
859.354
863.766
866.983
869.289
870.876
871.873
872.354
872.354
871.873
870.876
869.289
866.983
863.766
859.354
853.356
845.297
834.765
870.205
882.079
890.281
895.893
899.772
902.478
904.361
905.632
906.421
906.798
906.798
906.421
905.632
904.361
902.478
899.772
895.893
890.281
882.079
870.205
910.914
923.641
930.93
935.317
938.111
939.967
941.219
942.049
942.558
942.801
942.801
942.558
942.049
941.219
939.967
938.111
935.317
930.93
923.641
910.914
961.767
971.941
975.803
977.666
978.731
979.403
979.846
980.136
980.312
980.396
980.396
980.312
980.136
979.846
979.403
978.731
977.666
975.803
971.941
961.767
14.0506
14.0126
13.9721
13.9294
13.8847
13.8382
13.7901
13.7406
13.69
13.6384
13.586
13.533
13.4797
13.4262
13.3727
13.3195
13.2667
13.2145
13.1631
13.1127
13.0633
13.0152
12.9686
12.9234
12.8799
12.8382
12.7984
12.7607
12.7251
12.6917
12.6607
12.632
12.6059
12.5824
12.5615
12.5432
12.5277
12.5148
12.5048
12.4983
40.7579
40.6444
40.5236
40.3961
40.2625
40.1235
39.9799
39.8322
39.681
39.5271
39.3708
39.2129
39.0539
38.8945
38.7353
38.5768
38.4196
38.2643
38.1114
37.9613
37.8146
37.6717
37.5331
37.399
37.2699
37.1463
37.0283
36.9164
36.8109
36.712
36.6201
36.5355
36.4583
36.3887
36.3269
36.2731
36.2274
36.1902
36.1622
36.1459
66.2455
66.0564
65.855
65.6425
65.4199
65.1885
64.9492
64.7033
64.4518
64.1957
63.9359
63.6735
63.4094
63.1446
62.8802
62.6172
62.3565
62.0989
61.8454
61.5968
61.3538
61.1171
60.8876
60.6657
60.4523
60.2478
60.0528
59.868
59.6937
59.5306
59.379
59.2393
59.112
58.9974
58.8957
58.8073
58.7324
58.6718
58.6268
58.6007
90.6768
90.4111
90.1282
89.8297
89.5172
89.1923
88.8565
88.5116
88.1589
87.8
87.4364
87.0691
86.6997
86.3296
85.9601
85.5927
85.2286
84.8691
84.5154
84.1687
83.83
83.5004
83.1807
82.8719
82.575
82.2906
82.0196
81.7628
81.5208
81.2944
81.084
80.8904
80.7139
80.5551
80.4143
80.292
80.1887
80.1051
80.0432
80.0072
114.203
113.859
113.493
113.107
112.702
112.282
111.848
111.402
110.947
110.484
110.014
109.541
109.065
108.589
108.114
107.641
107.173
106.712
106.258
105.813
105.379
104.956
104.547
104.151
103.771
103.408
103.061
102.733
102.424
102.135
101.867
101.62
101.395
101.193
101.014
100.858
100.727
100.621
100.542
100.496
136.965
136.54
136.088
135.611
135.112
134.593
134.058
133.508
132.947
132.377
131.8
131.218
130.634
130.05
129.467
128.888
128.315
127.75
127.195
126.651
126.12
125.605
125.105
124.623
124.16
123.718
123.296
122.897
122.522
122.171
121.845
121.545
121.273
121.027
120.81
120.622
120.463
120.334
120.239
120.182
159.087
158.578
158.036
157.465
156.867
156.247
155.606
154.949
154.279
153.598
152.909
152.216
151.52
150.824
150.131
149.444
148.763
148.093
147.435
146.791
146.163
145.553
144.962
144.393
143.847
143.325
142.828
142.358
141.916
141.503
141.12
140.768
140.448
140.16
139.906
139.685
139.498
139.347
139.235
139.169
180.684
180.086
179.45
178.78
178.08
177.352
176.602
175.833
175.048
174.251
173.447
172.637
171.825
171.014
170.208
169.407
168.617
167.838
167.074
166.327
165.6
164.894
164.211
163.553
162.922
162.32
161.747
161.206
160.697
160.222
159.782
159.377
159.01
158.68
158.387
158.134
157.92
157.747
157.618
157.542
201.856
201.164
200.429
199.655
198.846
198.006
197.141
196.253
195.349
194.431
193.504
192.572
191.639
190.709
189.783
188.866
187.961
187.07
186.197
185.344
184.514
183.71
182.932
182.184
181.466
180.782
180.132
179.519
178.942
178.405
177.907
177.45
177.034
176.662
176.332
176.046
175.805
175.61
175.465
175.38
222.689
221.899
221.059
220.175
219.251
218.293
217.305
216.293
215.262
214.217
213.162
212.102
211.041
209.984
208.935
207.895
206.87
205.863
204.877
203.914
202.978
202.071
201.196
200.354
199.548
198.78
198.052
197.364
196.719
196.117
195.561
195.051
194.587
194.171
193.804
193.486
193.218
193.002
192.841
192.747
243.259
242.364
241.414
240.413
239.368
238.284
237.167
236.024
234.859
233.679
232.488
231.293
230.098
228.908
227.728
226.56
225.41
224.28
223.175
222.098
221.052
220.039
219.062
218.124
217.227
216.373
215.563
214.799
214.084
213.417
212.801
212.236
211.724
211.265
210.86
210.509
210.214
209.976
209.8
209.698
263.632
262.626
261.558
260.433
259.259
258.042
256.789
255.506
254.2
252.876
251.543
250.205
248.868
247.537
246.219
244.916
243.634
242.376
241.147
239.95
238.788
237.665
236.583
235.544
234.552
233.609
232.715
231.874
231.085
230.352
229.675
229.054
228.492
227.989
227.545
227.162
226.84
226.581
226.39
226.279
283.862
282.738
281.545
280.289
278.979
277.621
276.222
274.791
273.335
271.86
270.375
268.885
267.398
265.92
264.455
263.01
261.589
260.196
258.836
257.513
256.231
254.992
253.8
252.658
251.567
250.531
249.55
248.628
247.765
246.963
246.222
245.545
244.932
244.384
243.901
243.484
243.135
242.855
242.65
242.532
303.997
302.748
301.422
300.027
298.571
297.063
295.511
293.923
292.307
290.672
289.026
287.376
285.73
284.095
282.476
280.881
279.313
277.779
276.282
274.827
273.418
272.058
270.751
269.5
268.307
267.174
266.104
265.097
264.157
263.284
262.479
261.743
261.077
260.483
259.96
259.51
259.133
258.832
258.613
258.489
324.079
322.696
321.229
319.686
318.075
316.408
314.692
312.937
311.152
309.348
307.531
305.711
303.897
302.096
300.315
298.561
296.839
295.155
293.514
291.92
290.379
288.893
287.466
286.101
284.801
283.568
282.404
281.311
280.29
279.343
278.471
277.676
276.956
276.315
275.751
275.267
274.863
274.541
274.308
274.177
344.142
342.617
340.999
339.298
337.523
335.686
333.796
331.864
329.9
327.915
325.917
323.918
321.926
319.95
317.997
316.075
314.191
312.35
310.557
308.819
307.139
305.521
303.969
302.485
301.074
299.737
298.476
297.292
296.189
295.166
294.225
293.367
292.593
291.903
291.298
290.778
290.346
290.004
289.758
289.621
364.218
362.541
360.762
358.892
356.942
354.924
352.849
350.728
348.574
346.397
344.208
342.019
339.839
337.677
335.544
333.446
331.39
329.384
327.433
325.543
323.717
321.961
320.279
318.672
317.145
315.699
314.337
313.061
311.871
310.77
309.758
308.836
308.005
307.265
306.618
306.063
305.603
305.24
304.981
304.838
384.335
382.495
380.544
378.494
376.357
374.145
371.873
369.552
367.195
364.814
362.422
360.032
357.653
355.296
352.971
350.688
348.453
346.274
344.156
342.107
340.13
338.23
336.411
334.677
333.03
331.472
330.005
328.632
327.354
326.172
325.087
324.099
323.209
322.419
321.728
321.138
320.649
320.266
319.993
319.845
404.52
402.505
400.368
398.125
395.787
393.369
390.886
388.35
385.778
383.181
380.574
377.969
375.38
372.818
370.292
367.814
365.39
363.03
360.739
358.523
356.388
354.339
352.379
350.511
348.74
347.066
345.491
344.019
342.649
341.384
340.223
339.168
338.219
337.376
336.641
336.014
335.497
335.093
334.808
334.654
424.796
422.592
420.257
417.805
415.252
412.612
409.903
407.139
404.336
401.509
398.673
395.843
393.032
390.252
387.515
384.831
382.211
379.66
377.188
374.799
372.501
370.296
368.189
366.184
364.284
362.49
360.804
359.229
357.766
356.414
355.176
354.052
353.042
352.147
351.367
350.703
350.157
349.732
349.434
349.275
445.188
442.78
440.23
437.553
434.767
431.89
428.938
425.929
422.88
419.808
416.729
413.66
410.613
407.604
404.645
401.747
398.919
396.171
393.509
390.941
388.472
386.106
383.848
381.701
379.668
377.75
375.951
374.271
372.711
371.272
369.955
368.76
367.688
366.738
365.913
365.212
364.637
364.191
363.88
363.716
465.72
463.091
460.307
457.387
454.35
451.215
448.002
444.73
441.418
438.084
434.747
431.423
428.129
424.878
421.685
418.562
415.518
412.563
409.705
406.95
404.305
401.773
399.358
397.065
394.895
392.851
390.935
389.147
387.488
385.96
384.562
383.296
382.16
381.156
380.285
379.546
378.942
378.475
378.151
377.981
486.418
483.547
480.508
477.323
474.013
470.6
467.105
463.55
459.955
456.342
452.729
449.136
445.579
442.074
438.636
435.277
432.007
428.838
425.775
422.827
419.999
417.296
414.721
412.278
409.968
407.795
405.758
403.86
402.102
400.482
399.003
397.663
396.464
395.405
394.486
393.71
393.076
392.588
392.252
392.077
507.309
504.173
500.855
497.379
493.771
490.055
486.254
482.393
478.495
474.583
470.676
466.797
462.962
459.19
455.494
451.888
448.384
444.991
441.717
438.57
435.554
432.675
429.935
427.338
424.886
422.58
420.422
418.412
416.551
414.84
413.277
411.864
410.6
409.485
408.52
407.705
407.042
406.534
406.185
406.004
528.423
524.994
521.368
517.573
513.638
509.59
505.457
501.265
497.04
492.806
488.586
484.403
480.275
476.22
472.254
468.392
464.643
461.019
457.527
454.174
450.965
447.905
444.997
442.243
439.646
437.206
434.924
432.801
430.837
429.033
427.387
425.899
424.57
423.399
422.387
421.534
420.842
420.312
419.951
419.764
549.793
546.039
542.072
537.924
533.627
529.215
524.719
520.167
515.588
511.009
506.455
501.948
497.51
493.159
488.911
484.78
480.778
476.914
473.197
469.633
466.227
462.983
459.903
456.99
454.245
451.669
449.263
447.026
444.958
443.059
441.329
439.768
438.373
437.147
436.088
435.196
434.475
433.924
433.55
433.358
571.458
567.341
562.992
558.45
553.753
548.939
544.043
539.098
534.136
529.186
524.274
519.424
514.658
509.995
505.452
501.043
496.778
492.668
488.72
484.94
481.333
477.901
474.647
471.573
468.679
465.966
463.434
461.082
458.91
456.918
455.104
453.467
452.008
450.726
449.62
448.691
447.94
447.369
446.982
446.784
593.463
588.936
584.158
579.173
574.028
568.767
563.431
558.056
552.678
547.328
542.033
536.819
531.707
526.718
521.867
517.169
512.634
508.27
504.086
500.086
496.273
492.651
489.222
485.985
482.941
480.091
477.432
474.966
472.69
470.604
468.706
466.996
465.473
464.135
462.983
462.017
461.237
460.645
460.246
460.042
615.861
610.869
605.602
600.116
594.466
588.705
582.881
577.034
571.204
565.422
559.718
554.117
548.642
543.311
538.141
533.144
528.331
523.708
519.283
515.059
511.04
507.226
503.619
500.219
497.026
494.038
491.254
488.673
486.294
484.115
482.134
480.351
478.764
477.372
476.174
475.171
474.362
473.751
473.338
473.129
638.717
633.191
627.363
621.303
615.08
608.757
602.388
596.021
589.697
583.45
577.309
571.3
565.443
559.757
554.256
548.952
543.854
538.968
534.298
529.849
525.62
521.614
517.83
514.268
510.925
507.8
504.892
502.198
499.716
497.445
495.383
493.528
491.878
490.432
489.189
488.15
487.314
486.682
486.257
486.043
662.112
655.964
649.483
642.76
635.879
628.918
621.941
615
608.138
601.39
594.783
588.343
582.087
576.033
570.192
564.574
559.186
554.033
549.117
544.441
540.004
535.806
531.846
528.121
524.63
521.37
518.339
515.534
512.952
510.591
508.448
506.522
504.811
503.313
502.026
500.952
500.088
499.437
499
498.78
686.144
679.262
672.011
664.511
656.87
649.181
641.52
633.944
626.497
619.21
612.11
605.217
598.548
592.113
585.925
579.988
574.307
568.886
563.724
558.822
554.177
549.789
545.655
541.77
538.134
534.741
531.589
528.674
525.994
523.545
521.324
519.33
517.559
516.01
514.681
513.572
512.682
512.012
511.563
511.337
710.939
703.176
695.002
686.579
678.049
669.526
661.096
652.819
644.735
636.873
629.253
621.889
614.792
607.97
601.429
595.171
589.197
583.508
578.102
572.976
568.127
563.552
559.246
555.206
551.427
547.904
544.635
541.614
538.838
536.303
534.007
531.946
530.117
528.519
527.149
526.007
525.091
524.403
523.942
523.711
736.657
727.812
718.51
708.977
699.4
689.916
680.621
671.572
662.802
654.33
646.167
638.317
630.785
623.571
616.676
610.097
603.833
597.88
592.234
586.889
581.84
577.082
572.61
568.417
564.5
560.852
557.468
554.345
551.476
548.859
546.49
544.365
542.48
540.835
539.426
538.252
537.312
536.606
536.134
535.897
763.506
753.298
742.587
731.698
720.879
710.29
700.026
690.135
680.633
671.522
662.799
654.455
646.485
638.88
631.634
624.74
618.192
611.981
606.101
600.543
595.301
590.367
585.734
581.395
577.345
573.576
570.083
566.86
563.904
561.208
558.768
556.582
554.645
552.954
551.508
550.303
549.34
548.617
548.134
547.892
791.763
779.774
767.26
754.697
742.402
730.549
719.214
708.416
698.146
688.379
679.088
670.251
661.846
653.858
646.27
639.071
632.248
625.789
619.684
613.923
608.496
603.394
598.608
594.13
589.952
586.068
582.471
579.155
576.114
573.343
570.837
568.593
566.605
564.872
563.39
562.157
561.172
560.433
559.94
559.693
821.803
807.374
792.493
777.853
763.819
750.543
738.048
726.301
715.244
704.817
694.966
685.647
676.823
668.465
660.551
653.061
645.977
639.284
632.967
627.014
621.412
616.151
611.221
606.611
602.314
598.322
594.626
591.222
588.101
585.26
582.691
580.392
578.358
576.584
575.069
573.809
572.803
572.048
571.546
571.294
854.121
836.15
818.109
800.91
784.882
770.058
756.354
743.647
731.814
720.748
710.36
700.583
691.364
682.661
674.443
666.682
659.355
652.444
645.93
639.799
634.035
628.627
623.562
618.831
614.422
610.329
606.542
603.055
599.86
596.953
594.326
591.976
589.897
588.086
586.54
585.255
584.229
583.461
582.949
582.693
889.301
865.856
843.619
823.402
805.213
788.808
773.917
760.293
747.733
736.075
725.196
715.002
705.423
696.407
687.912
679.905
672.359
665.25
658.558
652.264
646.353
640.81
635.623
630.779
626.269
622.083
618.212
614.649
611.386
608.417
605.737
603.339
601.22
599.374
597.799
596.491
595.447
594.666
594.146
593.886
927.458
895.36
867.957
844.564
824.296
806.446
790.499
776.072
762.879
750.707
739.401
728.845
718.955
709.665
700.929
692.707
684.968
677.684
670.834
664.396
658.354
652.691
647.394
642.45
637.848
633.578
629.631
625.999
622.674
619.65
616.92
614.479
612.322
610.444
608.843
607.514
606.454
605.661
605.133
604.87
615.64
615.907
616.441
617.245
618.32
619.668
621.293
623.199
625.39
627.87
630.644
633.719
637.1
640.794
644.808
649.153
653.835
658.867
664.26
670.027
676.183
682.745
689.731
697.163
705.066
713.468
722.406
731.921
742.067
752.917
764.565
777.143
790.831
805.878
822.627
841.557
863.378
889.239
921.303
964.722
626.195
626.465
627.006
627.819
628.906
630.272
631.919
633.85
636.071
638.586
641.4
644.518
647.948
651.696
655.769
660.177
664.93
670.037
675.511
681.366
687.617
694.281
701.377
708.93
716.963
725.509
734.603
744.291
754.63
765.695
777.588
790.447
804.463
819.895
837.1
856.565
878.977
905.337
937.111
976.284
636.532
636.804
637.35
638.172
639.271
640.652
642.317
644.271
646.519
649.063
651.911
655.068
658.539
662.333
666.456
670.918
675.727
680.896
686.436
692.362
698.687
705.432
712.614
720.257
728.388
737.037
746.242
756.048
766.512
777.711
789.746
802.753
816.919
832.494
849.808
869.288
891.483
917.069
946.774
981.042
646.649
646.923
647.473
648.302
649.411
650.805
652.487
654.46
656.73
659.3
662.177
665.365
668.871
672.702
676.865
681.37
686.225
691.441
697.032
703.01
709.391
716.192
723.433
731.138
739.332
748.044
757.313
767.181
777.705
788.957
801.033
814.062
828.215
843.718
860.854
879.969
901.461
925.743
953.131
983.601
656.542
656.819
657.373
658.207
659.325
660.73
662.425
664.415
666.703
669.294
672.194
675.408
678.941
682.801
686.994
691.53
696.418
701.669
707.294
713.307
719.723
726.558
733.834
741.57
749.792
758.53
767.817
777.694
788.215
799.444
811.47
824.41
838.415
853.678
870.433
888.949
909.51
932.366
957.653
985.263
666.212
666.49
667.047
667.886
669.011
670.424
672.13
674.133
676.436
679.044
681.961
685.194
688.747
692.627
696.841
701.398
706.307
711.577
717.221
723.251
729.682
736.53
743.814
751.554
759.773
768.498
777.761
787.599
798.059
809.2
821.099
833.859
847.609
862.513
878.76
896.561
916.12
937.604
961.082
986.475
675.656
675.934
676.494
677.337
678.467
679.887
681.602
683.614
685.928
688.547
691.477
694.722
698.287
702.179
706.404
710.971
715.888
721.165
726.812
732.843
739.27
746.109
753.378
761.094
769.279
777.958
787.159
796.914
807.264
818.261
829.971
842.481
855.902
870.37
886.041
903.082
921.653
941.877
963.812
987.422
684.873
685.152
685.713
686.559
687.692
689.118
690.838
692.857
695.177
697.804
700.74
703.99
707.561
711.456
715.683
720.249
725.162
730.432
736.069
742.084
748.489
755.3
762.531
770.199
778.323
786.926
796.03
805.665
815.864
826.671
838.144
850.354
863.397
877.385
892.451
908.734
926.367
945.456
966.064
988.196
693.862
694.142
694.703
695.551
696.687
698.115
699.838
701.86
704.184
706.812
709.75
713
716.567
720.458
724.677
729.232
734.131
739.381
744.993
750.977
757.344
764.107
771.28
778.878
786.918
795.417
804.396
813.879
823.894
834.478
845.678
857.555
870.189
883.679
898.138
913.687
930.446
948.516
967.971
988.848
702.623
702.903
703.465
704.312
705.449
706.878
708.603
710.625
712.947
715.573
718.505
721.749
725.306
729.184
733.387
737.921
742.794
748.014
753.588
759.527
765.84
772.539
779.636
787.145
795.078
803.451
812.281
821.588
831.393
841.728
852.631
864.154
876.367
889.355
903.22
918.072
934.024
951.178
969.619
989.41
711.156
711.435
711.997
712.844
713.98
715.408
717.13
719.149
721.466
724.085
727.007
730.237
733.779
737.636
741.814
746.318
751.156
756.333
761.858
767.739
773.984
780.605
787.61
795.011
802.82
811.049
819.711
828.821
838.398
848.466
859.057
870.217
882.004
894.498
907.791
921.987
937.196
953.525
971.067
989.902
719.46
719.738
720.299
721.145
722.279
723.704
725.422
727.434
729.742
732.348
735.256
738.466
741.985
745.814
749.959
754.425
759.217
764.343
769.807
775.619
781.785
788.313
795.213
802.494
810.163
818.232
826.711
835.61
844.945
854.735
865.007
875.799
887.166
899.18
911.927
925.51
940.036
955.617
972.354
990.34
727.536
727.813
728.372
729.216
730.347
731.767
733.477
735.479
737.774
740.364
743.25
746.437
749.925
753.72
757.825
762.244
766.983
772.048
777.443
783.175
789.25
795.676
802.459
809.606
817.124
825.022
833.305
841.984
851.068
860.574
870.523
880.952
891.908
903.46
915.691
928.7
942.598
957.498
973.509
990.732
735.383
735.66
736.217
737.057
738.183
739.596
741.296
743.285
745.563
748.131
750.993
754.148
757.602
761.356
765.414
769.78
774.458
779.453
784.77
790.414
796.389
802.703
809.359
816.363
823.722
831.438
839.519
847.97
856.799
866.018
875.647
885.718
896.276
907.386
919.129
931.605
944.924
959.202
974.553
991.087
743.004
743.279
743.833
744.669
745.789
747.192
748.879
750.852
753.109
755.652
758.483
761.604
765.016
768.724
772.729
777.035
781.645
786.564
791.796
797.344
803.212
809.405
815.927
822.782
829.972
837.502
845.375
853.594
862.166
871.1
880.413
890.136
900.31
910.999
922.284
934.262
947.047
960.756
975.505
991.41
750.398
750.672
751.222
752.053
753.164
754.556
756.228
758.18
760.413
762.927
765.724
768.804
772.171
775.827
779.773
784.014
788.551
793.388
798.528
803.974
809.728
815.795
822.177
828.875
835.893
843.232
850.894
858.88
867.195
875.847
884.852
894.237
904.044
914.334
925.187
936.702
948.993
962.178
976.375
991.706
757.567
757.838
758.385
759.209
760.31
761.688
763.342
765.272
767.476
769.957
772.715
775.752
779.069
782.668
786.552
790.722
795.18
799.93
804.973
810.312
815.948
821.884
828.12
834.659
841.501
848.647
856.096
863.85
871.911
880.287
888.991
898.05
907.506
917.417
927.865
938.949
950.783
963.485
977.175
991.978
764.511
764.78
765.323
766.139
767.229
768.59
770.223
772.127
774.301
776.745
779.461
782.45
785.713
789.252
793.068
797.164
801.54
806.198
811.14
816.367
821.881
827.682
833.77
840.147
846.811
853.762
861
868.523
876.335
884.44
892.854
901.6
910.72
920.274
930.342
941.024
952.434
964.69
977.912
992.228
771.232
771.499
772.036
772.843
773.92
775.263
776.873
778.748
780.888
783.292
785.963
788.901
792.107
795.582
799.328
803.345
807.635
812.198
817.036
822.149
827.537
833.2
839.139
845.351
851.837
858.595
865.622
872.919
880.486
888.329
896.461
904.907
913.708
922.924
932.635
942.944
953.961
965.804
978.594
992.46
777.731
777.995
778.527
779.324
780.385
781.709
783.293
785.136
787.239
789.602
792.225
795.109
798.254
801.663
805.335
809.271
813.472
817.938
822.669
827.665
832.926
838.45
844.237
850.286
856.594
863.159
869.98
877.053
884.381
891.969
899.83
907.989
916.487
925.385
934.763
944.724
955.376
966.836
979.225
992.675
784.011
784.272
784.796
785.582
786.627
787.928
789.484
791.295
793.359
795.677
798.249
801.077
804.16
807.5
811.096
814.949
819.059
823.425
828.048
832.925
838.057
843.442
849.078
854.962
861.094
867.469
874.086
880.941
888.037
895.379
902.979
910.864
919.074
927.672
936.739
946.375
956.688
967.793
979.811
992.874
790.072
790.33
790.847
791.62
792.647
793.924
795.451
797.226
799.249
801.52
804.04
806.81
809.828
813.097
816.615
820.383
824.401
828.666
833.179
837.937
842.94
848.185
853.67
859.392
865.349
871.537
877.954
884.597
891.467
898.571
905.921
913.544
921.483
929.798
938.575
947.909
957.907
968.682
980.356
993.06
795.919
796.173
796.681
797.44
798.447
799.699
801.195
802.933
804.913
807.136
809.602
812.311
815.264
818.46
821.9
825.581
829.505
833.668
838.071
842.709
847.583
852.689
858.024
863.586
869.37
875.375
881.596
888.033
894.685
901.559
908.67
916.044
923.725
931.777
940.282
949.335
959.04
969.509
980.862
993.232
801.551
801.801
802.3
803.044
804.031
805.256
806.719
808.419
810.355
812.529
814.939
817.587
820.473
823.595
826.954
830.549
834.378
838.439
842.731
847.25
851.995
856.963
862.15
867.553
873.169
878.994
885.025
891.26
897.701
904.355
911.237
918.374
925.814
933.619
941.871
950.662
960.094
970.278
981.334
993.393
806.973
807.219
807.708
808.436
809.401
810.598
812.028
813.688
815.579
817.702
820.056
822.642
825.459
828.507
831.786
835.293
839.027
842.986
847.167
851.568
856.185
861.016
866.057
871.304
876.754
882.404
888.249
894.29
900.528
906.97
913.633
920.547
927.759
935.333
943.349
951.896
961.075
970.995
981.773
993.543
812.188
812.429
812.907
813.619
814.56
815.729
817.124
818.744
820.589
822.66
824.957
827.48
830.229
833.202
836.399
839.819
843.458
847.315
851.386
855.669
860.16
864.856
869.753
874.848
880.136
885.614
891.28
897.132
903.174
909.413
915.868
922.572
929.571
936.93
944.725
953.045
961.989
971.663
982.183
993.683
817.198
817.433
817.901
818.595
819.513
820.653
822.012
823.591
825.39
827.409
829.648
832.108
834.787
837.685
840.801
844.133
847.678
851.433
855.396
859.562
863.929
868.492
873.248
878.193
883.323
888.635
894.126
899.796
905.649
911.695
917.954
924.46
931.259
938.417
946.007
954.117
962.841
972.286
982.566
993.814
822.007
822.237
822.693
823.369
824.264
825.373
826.697
828.235
829.986
831.953
834.134
836.53
839.14
841.963
844.998
848.242
851.693
855.348
859.202
863.254
867.498
871.931
876.548
881.347
886.323
891.473
896.795
902.291
907.963
913.826
919.9
926.219
932.833
939.802
947.202
955.115
963.637
972.868
982.923
993.936
826.619
826.843
827.287
827.945
828.815
829.895
831.182
832.678
834.383
836.297
838.42
840.752
843.293
846.041
848.995
852.153
855.51
859.065
862.814
866.751
870.875
875.18
879.663
884.319
889.145
894.138
899.298
904.625
910.126
915.815
921.715
927.86
934.3
941.094
948.316
956.048
964.38
973.413
983.259
994.051
831.037
831.255
831.687
832.327
833.173
834.222
835.473
836.928
838.585
840.446
842.511
844.78
847.252
849.926
852.799
855.87
859.136
862.592
866.236
870.062
874.067
878.247
882.598
887.116
891.797
896.639
901.642
906.809
912.148
917.672
923.408
929.391
935.668
942.301
949.358
956.921
965.076
973.923
983.573
994.158
835.266
835.478
835.898
836.52
837.341
838.359
839.575
840.987
842.598
844.407
846.414
848.619
851.023
853.622
856.416
859.402
862.576
865.936
869.476
873.193
877.082
881.14
885.363
889.746
894.286
898.984
903.837
908.852
914.036
919.407
924.989
930.82
936.947
943.429
950.334
957.739
965.73
974.403
983.869
994.26
839.31
839.516
839.923
840.527
841.323
842.312
843.491
844.863
846.427
848.183
850.133
852.276
854.611
857.137
859.853
862.754
865.838
869.102
872.541
876.151
879.927
883.866
887.964
892.217
896.623
901.181
905.892
910.762
915.802
921.028
926.468
932.157
938.145
944.487
951.249
958.508
966.345
974.856
984.149
994.356
843.173
843.373
843.768
844.353
845.126
846.084
847.228
848.559
850.077
851.782
853.675
855.756
858.024
860.477
863.115
865.933
868.929
872.098
875.438
878.943
882.61
886.434
890.411
894.539
898.815
903.24
907.817
912.55
917.454
922.545
927.852
933.411
939.269
945.481
952.112
959.234
966.928
975.285
984.414
994.447
846.86
847.054
847.437
848.004
848.752
849.682
850.791
852.082
853.554
855.208
857.045
859.065
861.266
863.648
866.209
868.945
871.854
874.932
878.175
881.578
885.138
888.85
892.711
896.719
900.872
905.171
909.62
914.225
919.002
923.968
929.152
934.59
940.328
946.42
952.928
959.922
967.481
975.693
984.666
994.533
850.375
850.563
850.934
851.483
852.209
853.109
854.185
855.436
856.863
858.467
860.249
862.209
864.345
866.657
869.142
871.798
874.622
877.611
880.759
884.063
887.519
891.124
894.874
898.767
902.802
906.982
911.311
915.798
920.456
925.306
930.376
935.703
941.331
947.311
953.705
960.579
968.009
976.084
984.908
994.617
853.723
853.905
854.264
854.797
855.499
856.372
857.414
858.626
860.01
861.566
863.294
865.194
867.266
869.509
871.921
874.499
877.24
880.141
883.198
886.406
889.763
893.264
896.907
900.691
904.616
908.685
912.902
917.277
921.826
926.569
931.535
936.759
942.284
948.162
954.448
961.209
968.518
976.461
985.142
994.697
856.908
857.084
857.432
857.948
858.629
859.474
860.484
861.66
863.001
864.509
866.184
868.027
870.037
872.213
874.553
877.055
879.715
882.532
885.5
888.616
891.877
895.28
898.822
902.503
906.324
910.288
914.401
918.674
923.122
927.767
932.637
937.767
943.198
948.978
955.164
961.818
969.01
976.826
985.369
994.775
859.934
860.105
860.443
860.942
861.602
862.422
863.401
864.54
865.84
867.303
868.927
870.714
872.664
874.774
877.045
879.473
882.056
884.79
887.673
890.701
893.871
897.18
900.627
904.212
907.935
911.802
915.819
919.998
924.355
928.91
933.692
938.735
944.078
949.768
955.859
962.411
969.491
977.183
985.59
994.851
862.806
862.972
863.299
863.784
864.424
865.219
866.168
867.273
868.534
869.952
871.528
873.261
875.153
877.201
879.404
881.761
884.269
886.925
889.727
892.671
895.754
898.975
902.333
905.827
909.461
913.238
917.168
921.26
925.533
930.006
934.708
939.67
944.932
950.539
956.539
962.992
969.964
977.534
985.809
994.927
865.528
865.689
866.007
866.477
867.098
867.87
868.791
869.863
871.087
872.463
873.992
875.675
877.51
879.498
881.637
883.926
886.363
888.945
891.669
894.534
897.536
900.674
903.949
907.36
910.911
914.606
918.455
922.47
926.666
931.065
935.693
940.582
945.768
951.295
957.209
963.566
970.431
977.883
986.026
995.002
868.103
868.26
868.568
869.025
869.629
870.379
871.274
872.316
873.505
874.841
876.326
877.96
879.742
881.673
883.752
885.977
888.346
890.858
893.509
896.299
899.226
902.287
905.485
908.819
912.294
915.915
919.692
923.635
927.763
932.094
936.655
941.476
946.592
952.042
957.873
964.137
970.897
978.23
986.242
995.076
870.536
870.688
870.989
871.433
872.021
872.751
873.622
874.635
875.791
877.091
878.534
880.122
881.855
883.733
885.755
887.919
890.225
892.671
895.255
897.976
900.832
903.823
906.95
910.215
913.621
917.175
920.886
924.766
928.831
933.101
937.601
942.359
947.408
952.785
958.536
964.708
971.363
978.578
986.458
995.151
872.829
872.978
873.27
873.704
874.277
874.988
875.838
876.825
877.951
879.216
880.621
882.168
883.855
885.683
887.651
889.76
892.007
894.393
896.914
899.571
902.363
905.29
908.353
911.555
914.899
918.393
922.045
925.868
929.877
934.092
938.536
943.235
948.22
953.528
959.199
965.28
971.831
978.927
986.676
995.226
874.986
875.131
875.417
875.841
876.401
877.096
877.925
878.888
879.987
881.221
882.592
884.1
885.745
887.528
889.448
891.506
893.699
896.029
898.494
901.093
903.827
906.696
909.701
912.846
916.135
919.575
923.176
926.948
930.907
935.072
939.463
944.107
949.033
954.273
959.865
965.856
972.301
979.278
986.895
995.302
877.008
877.151
877.431
877.846
878.395
879.075
879.886
880.829
881.904
883.11
884.45
885.924
887.531
889.273
891.149
893.161
895.306
897.586
899.999
902.547
905.229
908.046
911
914.095
917.336
920.729
924.283
928.01
931.924
936.043
940.387
944.979
949.846
955.02
960.535
966.434
972.775
979.631
987.115
995.378
878.9
879.039
879.315
879.723
880.261
880.929
881.725
882.65
883.703
884.886
886.198
887.641
889.215
890.921
892.759
894.729
896.832
899.068
901.436
903.938
906.574
909.345
912.255
915.306
918.504
921.856
925.37
929.057
932.931
937.008
941.307
945.85
950.661
955.769
961.206
967.015
973.249
979.986
987.335
995.454
880.661
880.799
881.07
881.472
882.002
882.659
883.443
884.352
885.387
886.549
887.839
889.255
890.801
892.476
894.28
896.215
898.28
900.477
902.806
905.268
907.865
910.597
913.468
916.482
919.643
922.959
926.437
930.089
933.927
937.966
942.224
946.719
951.475
956.518
961.878
967.596
973.724
980.339
987.555
995.531
882.295
882.431
882.699
883.096
883.619
884.268
885.04
885.937
886.958
888.103
889.372
890.767
892.289
893.937
895.713
897.618
899.652
901.817
904.112
906.54
909.103
911.802
914.64
917.622
920.752
924.037
927.485
931.106
934.911
938.915
943.133
947.583
952.285
957.263
962.546
968.172
974.194
980.689
987.773
995.606
883.803
883.937
884.202
884.595
885.113
885.755
886.519
887.406
888.415
889.546
890.8
892.178
893.679
895.306
897.059
898.939
900.948
903.085
905.353
907.754
910.288
912.959
915.77
918.725
921.829
925.088
928.509
932.103
935.879
939.85
944.03
948.436
953.084
957.998
963.205
968.74
974.656
981.033
987.987
995.68
885.185
885.318
885.581
885.971
886.485
887.122
887.88
888.759
889.759
890.879
892.121
893.485
894.972
896.582
898.317
900.178
902.165
904.281
906.527
908.905
911.417
914.066
916.855
919.788
922.87
926.107
929.506
933.075
936.825
940.765
944.909
949.271
953.867
958.718
963.848
969.293
975.106
981.367
988.194
995.752
886.441
886.574
886.836
887.223
887.735
888.368
889.122
889.995
890.989
892.102
893.335
894.689
896.165
897.762
899.484
901.33
903.302
905.402
907.631
909.992
912.487
915.118
917.89
920.805
923.87
927.088
930.468
934.016
937.741
941.652
945.761
950.08
954.625
959.412
964.467
969.824
975.537
981.687
988.393
995.821
887.574
887.706
887.966
888.353
888.863
889.494
890.245
891.115
892.104
893.212
894.44
895.787
897.255
898.844
900.556
902.392
904.353
906.442
908.659
911.007
913.489
916.108
918.867
921.769
924.819
928.023
931.386
934.914
938.617
942.501
946.576
950.854
955.347
960.073
965.055
970.327
975.945
981.989
988.581
995.886
888.582
888.714
888.974
889.359
889.868
890.498
891.247
892.116
893.103
894.208
895.432
896.776
898.239
899.823
901.53
903.359
905.314
907.395
909.604
911.945
914.418
917.028
919.777
922.669
925.709
928.9
932.249
935.761
939.442
943.3
947.343
951.58
956.024
960.691
965.603
970.795
976.323
982.269
988.755
995.946
889.466
889.597
889.857
890.242
890.751
891.38
892.129
892.997
893.983
895.087
896.31
897.652
899.114
900.696
902.399
904.226
906.177
908.254
910.46
912.795
915.264
917.868
920.611
923.497
926.528
929.709
933.046
936.542
940.204
944.038
948.05
952.249
956.646
961.257
966.103
971.222
976.667
982.523
988.913
996.001
890.225
890.357
890.616
891.002
891.51
892.139
892.888
893.756
894.743
895.848
897.071
898.413
899.874
901.456
903.16
904.986
906.936
909.013
911.217
913.551
916.017
918.619
921.358
924.239
927.264
930.438
933.764
937.247
940.892
944.702
948.686
952.849
957.203
961.762
966.55
971.602
976.973
982.75
989.053
996.05
890.86
890.991
891.251
891.636
892.145
892.774
893.524
894.393
895.38
896.486
897.711
899.054
900.517
902.1
903.805
905.633
907.584
909.662
911.867
914.201
916.668
919.268
922.006
924.885
927.906
931.074
934.392
937.863
941.492
945.283
949.241
953.372
957.688
962.201
966.937
971.93
977.238
982.946
989.175
996.092
891.371
891.502
891.761
892.146
892.655
893.284
894.035
894.904
895.893
897
898.227
899.572
901.037
902.623
904.33
906.16
908.114
910.194
912.401
914.738
917.205
919.807
922.545
925.423
928.442
931.605
934.917
938.379
941.995
945.769
949.705
953.809
958.092
962.568
967.26
972.204
977.459
983.109
989.276
996.127
891.755
891.886
892.145
892.53
893.038
893.668
894.419
895.289
896.279
897.388
898.616
899.964
901.432
903.02
904.73
906.563
908.52
910.603
912.812
915.151
917.622
920.225
922.965
925.842
928.86
932.021
935.328
938.784
942.39
946.151
950.07
954.154
958.411
962.857
967.514
972.42
977.633
983.237
989.356
996.155
892.014
892.144
892.403
892.788
893.295
893.925
894.676
895.547
896.537
897.648
898.877
900.227
901.696
903.287
905
906.835
908.795
910.88
913.093
915.435
917.907
920.513
923.254
926.133
929.151
932.311
935.616
939.067
942.668
946.42
950.329
954.398
958.638
963.063
967.696
972.575
977.757
983.328
989.412
996.174
892.144
892.275
892.533
892.917
893.424
894.054
894.804
895.676
896.667
897.777
899.008
900.358
901.829
903.421
905.136
906.973
908.934
911.021
913.236
915.58
918.054
920.662
923.404
926.284
929.303
932.464
935.768
939.218
942.816
946.564
950.468
954.53
958.762
963.176
967.796
972.66
977.825
983.378
989.442
996.185
964.722
921.303
889.239
863.378
841.557
822.627
805.878
790.831
777.143
764.565
752.916
742.067
731.921
722.406
713.468
705.066
697.163
689.731
682.745
676.184
670.028
664.261
658.868
653.836
649.153
644.809
640.794
637.1
633.719
630.645
627.871
625.391
623.2
621.294
619.668
618.32
617.245
616.442
615.907
615.64
976.284
937.111
905.337
878.977
856.565
837.1
819.895
804.463
790.447
777.588
765.695
754.63
744.291
734.603
725.509
716.963
708.93
701.377
694.281
687.617
681.366
675.511
670.037
664.93
660.178
655.769
651.696
647.948
644.519
641.4
638.586
636.072
633.851
631.919
630.273
628.907
627.819
627.006
626.465
626.196
981.042
946.774
917.069
891.483
869.288
849.807
832.494
816.919
802.753
789.745
777.711
766.512
756.048
746.242
737.037
728.388
720.257
712.614
705.432
698.688
692.362
686.437
680.896
675.728
670.918
666.456
662.333
658.54
655.068
651.912
649.064
646.519
644.272
642.318
640.652
639.272
638.172
637.351
636.805
636.533
983.601
953.131
925.743
901.461
879.969
860.854
843.718
828.215
814.061
801.032
788.957
777.705
767.181
757.313
748.044
739.332
731.138
723.434
716.192
709.391
703.01
697.032
691.442
686.225
681.37
676.866
672.702
668.871
665.365
662.177
659.301
656.73
654.461
652.487
650.806
649.412
648.302
647.474
646.923
646.649
985.263
957.652
932.366
909.51
888.949
870.433
853.677
838.415
824.41
811.47
799.444
788.214
777.694
767.817
758.53
749.792
741.57
733.834
726.559
719.723
713.307
707.294
701.669
696.419
691.531
686.995
682.801
678.941
675.408
672.195
669.295
666.703
664.415
662.425
660.73
659.326
658.208
657.373
656.819
656.543
986.475
961.082
937.604
916.12
896.561
878.76
862.512
847.609
833.859
821.099
809.199
798.059
787.599
777.761
768.498
759.773
751.554
743.814
736.53
729.682
723.251
717.221
711.577
706.307
701.398
696.841
692.627
688.747
685.194
681.962
679.044
676.436
674.133
672.131
670.425
669.011
667.887
667.047
666.49
666.212
987.422
963.812
941.877
921.653
903.082
886.04
870.369
855.902
842.481
829.971
818.261
807.264
796.914
787.159
777.958
769.279
761.094
753.378
746.11
739.27
732.843
726.812
721.165
715.888
710.971
706.405
702.179
698.287
694.722
691.477
688.548
685.928
683.614
681.602
679.888
678.467
677.337
676.494
675.935
675.656
988.196
966.064
945.456
926.366
908.734
892.451
877.385
863.396
850.354
838.144
826.671
815.864
805.664
796.03
786.926
778.323
770.199
762.531
755.3
748.489
742.084
736.069
730.433
725.163
720.249
715.683
711.456
707.561
703.991
700.74
697.804
695.178
692.857
690.838
689.118
687.693
686.559
685.713
685.152
684.873
988.848
967.971
948.516
930.446
913.687
898.138
883.679
870.189
857.555
845.678
834.478
823.894
813.879
804.396
795.417
786.918
778.878
771.28
764.107
757.344
750.977
744.993
739.381
734.131
729.232
724.677
720.458
716.567
713
709.75
706.813
704.184
701.861
699.839
698.115
696.687
695.551
694.704
694.142
693.862
989.41
969.619
951.178
934.023
918.072
903.219
889.355
876.367
864.154
852.631
841.728
831.393
821.587
812.281
803.451
795.078
787.145
779.636
772.539
765.84
759.527
753.588
748.014
742.795
737.922
733.387
729.184
725.307
721.749
718.506
715.573
712.947
710.625
708.603
706.879
705.45
704.313
703.465
702.903
702.624
989.902
971.067
953.525
937.196
921.987
907.79
894.498
882.004
870.216
859.057
848.466
838.398
828.821
819.711
811.049
802.82
795.011
787.61
780.605
773.984
767.739
761.858
756.333
751.156
746.318
741.814
737.636
733.779
730.238
727.008
724.085
721.467
719.149
717.131
715.409
713.981
712.844
711.997
711.435
711.156
990.34
972.354
955.617
940.036
925.51
911.927
899.18
887.166
875.799
865.006
854.735
844.945
835.61
826.711
818.232
810.163
802.494
795.213
788.313
781.785
775.619
769.808
764.343
759.218
754.425
749.959
745.814
741.985
738.467
735.256
732.349
729.742
727.434
725.422
723.705
722.28
721.145
720.299
719.739
719.46
990.732
973.509
957.498
942.598
928.7
915.69
903.459
891.908
880.951
870.523
860.574
851.068
841.984
833.305
825.022
817.124
809.606
802.459
795.676
789.25
783.175
777.443
772.048
766.984
762.245
757.825
753.72
749.925
746.437
743.251
740.364
737.774
735.479
733.477
731.767
730.347
729.216
728.373
727.814
727.536
991.087
974.553
959.202
944.924
931.605
919.129
907.386
896.276
885.718
875.647
866.018
856.799
847.97
839.519
831.438
823.722
816.363
809.359
802.703
796.389
790.414
784.77
779.453
774.458
769.78
765.414
761.356
757.602
754.149
750.993
748.132
745.563
743.285
741.296
739.596
738.183
737.058
736.217
735.66
735.384
991.41
975.505
960.755
947.047
934.262
922.284
910.999
900.31
890.135
880.413
871.1
862.166
853.594
845.375
837.502
829.972
822.782
815.927
809.405
803.212
797.344
791.796
786.565
781.646
777.035
772.729
768.724
765.017
761.604
758.483
755.652
753.109
750.852
748.88
747.192
745.789
744.67
743.834
743.28
743.004
991.706
976.375
962.178
948.993
936.702
925.187
914.334
904.044
894.237
884.852
875.847
867.195
858.88
850.894
843.232
835.893
828.876
822.177
815.795
809.729
803.974
798.528
793.388
788.551
784.014
779.774
775.827
772.171
768.805
765.724
762.927
760.413
758.181
756.228
754.556
753.165
752.053
751.223
750.672
750.398
991.978
977.175
963.485
950.783
938.949
927.865
917.417
907.506
898.05
888.991
880.287
871.911
863.85
856.096
848.647
841.501
834.659
828.12
821.884
815.948
810.312
804.974
799.931
795.181
790.722
786.552
782.669
779.069
775.752
772.716
769.958
767.477
765.272
763.343
761.689
760.311
759.21
758.386
757.839
757.567
992.228
977.912
964.69
952.434
941.024
930.342
920.274
910.72
901.6
892.854
884.44
876.335
868.524
861
853.762
846.811
840.147
833.77
827.682
821.881
816.368
811.14
806.198
801.54
797.164
793.069
789.252
785.713
782.45
779.462
776.745
774.301
772.127
770.224
768.591
767.229
766.139
765.323
764.781
764.511
992.46
978.594
965.804
953.961
942.944
932.635
922.924
913.708
904.907
896.461
888.329
880.486
872.919
865.623
858.595
851.838
845.352
839.139
833.201
827.537
822.149
817.036
812.199
807.635
803.345
799.328
795.582
792.107
788.901
785.964
783.293
780.888
778.748
776.873
775.264
773.92
772.844
772.036
771.499
771.232
992.675
979.226
966.836
955.376
944.724
934.763
925.385
916.488
907.989
899.83
891.969
884.382
877.053
869.98
863.16
856.594
850.286
844.238
838.451
832.926
827.666
822.67
817.939
813.473
809.272
805.335
801.663
798.255
795.109
792.225
789.602
787.24
785.137
783.293
781.709
780.386
779.324
778.527
777.996
777.732
992.874
979.811
967.793
956.688
946.375
936.739
927.672
919.075
910.864
902.979
895.379
888.037
880.942
874.086
867.469
861.094
854.963
849.078
843.442
838.057
832.926
828.048
823.425
819.059
814.949
811.096
807.5
804.16
801.077
798.25
795.677
793.359
791.295
789.485
787.929
786.627
785.582
784.797
784.273
784.011
993.06
980.356
968.682
957.907
947.909
938.575
929.799
921.483
913.545
905.922
898.571
891.468
884.597
877.954
871.537
865.349
859.392
853.67
848.185
842.94
837.938
833.179
828.666
824.401
820.384
816.616
813.097
809.829
806.81
804.041
801.521
799.25
797.226
795.451
793.925
792.647
791.62
790.847
790.331
790.073
993.232
980.862
969.509
959.04
949.335
940.283
931.777
923.725
916.044
908.67
901.559
894.685
888.033
881.597
875.375
869.371
863.586
858.024
852.689
847.583
842.71
838.071
833.669
829.505
825.582
821.9
818.461
815.265
812.312
809.603
807.137
804.914
802.933
801.195
799.7
798.447
797.44
796.681
796.173
795.919
993.393
981.334
970.278
960.094
950.662
941.871
933.619
925.814
918.375
911.237
904.355
897.702
891.261
885.025
878.994
873.169
867.553
862.15
856.963
851.996
847.251
842.731
838.44
834.379
830.55
826.955
823.596
820.473
817.588
814.94
812.529
810.356
808.419
806.72
805.257
804.031
803.045
802.301
801.802
801.552
993.543
981.773
970.995
961.075
951.896
943.349
935.334
927.759
920.547
913.633
906.97
900.528
894.29
888.25
882.404
876.755
871.305
866.057
861.016
856.186
851.568
847.167
842.986
839.027
835.293
831.786
828.508
825.46
822.642
820.057
817.702
815.58
813.689
812.028
810.599
809.401
808.437
807.708
807.219
806.974
993.683
982.183
971.663
961.989
953.046
944.725
936.93
929.572
922.572
915.869
909.413
903.174
897.133
891.281
885.615
880.137
874.848
869.754
864.857
860.161
855.67
851.387
847.315
843.459
839.819
836.4
833.203
830.229
827.481
824.958
822.661
820.59
818.745
817.125
815.73
814.561
813.619
812.907
812.429
812.189
993.814
982.566
972.286
962.842
954.117
946.007
938.417
931.26
924.46
917.955
911.695
905.65
899.797
894.126
888.635
883.323
878.193
873.249
868.493
863.929
859.563
855.396
851.434
847.678
844.134
840.802
837.686
834.788
832.108
829.649
827.41
825.391
823.592
822.013
820.653
819.514
818.596
817.901
817.434
817.199
993.936
982.924
972.868
963.637
955.116
947.202
939.803
932.833
926.22
919.9
913.826
907.964
902.291
896.796
891.474
886.324
881.348
876.549
871.931
867.499
863.254
859.203
855.348
851.694
848.243
844.999
841.964
839.141
836.531
834.135
831.954
829.987
828.235
826.698
825.374
824.264
823.37
822.693
822.238
822.008
994.051
983.259
973.413
964.38
956.049
948.317
941.095
934.3
927.861
921.715
915.816
910.127
904.626
899.299
894.139
889.146
884.319
879.663
875.181
870.876
866.752
862.814
859.066
855.511
852.153
848.996
846.042
843.294
840.753
838.421
836.298
834.384
832.679
831.183
829.895
828.816
827.946
827.287
826.844
826.62
994.158
983.573
973.924
965.077
956.921
949.359
942.301
935.669
929.391
923.409
917.673
912.148
906.81
901.643
896.64
891.797
887.116
882.599
878.248
874.068
870.063
866.236
862.593
859.137
855.871
852.8
849.926
847.253
844.781
842.512
840.447
838.586
836.928
835.474
834.222
833.174
832.328
831.688
831.256
831.038
994.26
983.869
974.404
965.73
957.739
950.334
943.43
936.948
930.821
924.99
919.408
914.037
908.853
903.838
898.984
894.287
889.746
885.363
881.141
877.083
873.194
869.477
865.936
862.577
859.403
856.417
853.623
851.023
848.62
846.415
844.407
842.599
840.988
839.575
838.36
837.341
836.52
835.899
835.479
835.267
994.356
984.149
974.856
966.346
958.508
951.25
944.487
938.146
932.158
926.468
921.029
915.803
910.763
905.893
901.182
896.624
892.218
887.965
883.867
879.928
876.152
872.542
869.103
865.839
862.755
859.853
857.138
854.612
852.277
850.134
848.184
846.427
844.864
843.492
842.312
841.324
840.527
839.924
839.517
839.311
994.447
984.414
975.285
966.928
959.234
952.113
945.482
939.27
933.412
927.853
922.546
917.454
912.551
907.818
903.241
898.816
894.54
890.412
886.435
882.611
878.944
875.439
872.099
868.93
865.934
863.115
860.478
858.024
855.757
853.676
851.783
850.078
848.56
847.229
846.085
845.126
844.354
843.769
843.374
843.174
994.533
984.666
975.694
967.481
959.923
952.929
946.421
940.329
934.591
929.153
923.969
919.003
914.226
909.621
905.172
900.873
896.72
892.712
888.851
885.139
881.579
878.176
874.933
871.855
868.946
866.21
863.649
861.267
859.065
857.046
855.209
853.554
852.082
850.792
849.682
848.753
848.005
847.438
847.055
846.861
994.617
984.908
976.084
968.01
960.579
953.705
947.312
941.331
935.704
930.377
925.307
920.457
915.799
911.312
906.983
902.803
898.768
894.875
891.125
887.52
884.064
880.76
877.612
874.623
871.799
869.143
866.658
864.346
862.21
860.25
858.468
856.864
855.436
854.185
853.11
852.21
851.484
850.935
850.564
850.376
994.697
985.142
976.461
968.518
961.21
954.449
948.162
942.285
936.76
931.536
926.57
921.827
917.278
912.903
908.686
904.617
900.693
896.908
893.265
889.764
886.407
883.199
880.142
877.241
874.5
871.922
869.51
867.267
865.195
863.295
861.567
860.011
858.627
857.415
856.373
855.5
854.797
854.265
853.906
853.724
994.775
985.369
976.826
969.011
961.818
955.165
948.979
943.198
937.768
932.638
927.768
923.123
918.675
914.402
910.289
906.325
902.504
898.823
895.281
891.878
888.617
885.501
882.533
879.716
877.056
874.554
872.214
870.038
868.028
866.185
864.51
863.002
861.66
860.485
859.475
858.63
857.949
857.433
857.085
856.909
994.852
985.591
977.183
969.492
962.411
955.86
949.769
944.079
938.735
933.693
928.911
924.356
919.999
915.821
911.803
907.937
904.213
900.628
897.181
893.872
890.702
887.674
884.791
882.057
879.474
877.046
874.776
872.665
870.715
868.928
867.304
865.841
864.541
863.402
862.423
861.603
860.943
860.443
860.106
859.935
994.927
985.809
977.535
969.964
962.993
956.54
950.539
944.933
939.671
934.709
930.007
925.534
921.261
917.169
913.239
909.462
905.828
902.334
898.976
895.755
892.672
889.728
886.926
884.27
881.762
879.405
877.202
875.154
873.262
871.529
869.953
868.535
867.274
866.169
865.219
864.425
863.785
863.3
862.973
862.807
995.002
986.026
977.883
970.431
963.567
957.21
951.295
945.769
940.583
935.694
931.066
926.667
922.471
918.456
914.607
910.912
907.361
903.95
900.676
897.537
894.535
891.67
888.946
886.364
883.927
881.638
879.499
877.511
875.676
873.993
872.464
871.088
869.864
868.792
867.87
867.099
866.478
866.007
865.69
865.529
995.076
986.242
978.23
970.897
964.138
957.874
952.043
946.592
941.477
936.656
932.095
927.764
923.636
919.693
915.916
912.295
908.82
905.486
902.289
899.227
896.3
893.51
890.859
888.347
885.978
883.753
881.674
879.743
877.961
876.327
874.842
873.506
872.317
871.275
870.38
869.63
869.026
868.569
868.261
868.104
995.151
986.458
978.578
971.363
964.708
958.536
952.786
947.408
942.36
937.602
933.102
928.832
924.767
920.887
917.176
913.622
910.216
906.951
903.824
900.833
897.977
895.256
892.672
890.226
887.92
885.756
883.734
881.856
880.123
878.535
877.092
875.792
874.636
873.623
872.752
872.022
871.434
870.989
870.689
870.537
995.226
986.676
978.927
971.831
965.281
959.199
953.529
948.221
943.235
938.536
934.093
929.878
925.869
922.046
918.394
914.9
911.556
908.354
905.291
902.364
899.572
896.915
894.394
892.009
889.761
887.653
885.684
883.856
882.169
880.622
879.217
877.952
876.826
875.838
874.989
874.278
873.705
873.271
872.978
872.83
995.302
986.895
979.278
972.302
965.856
959.866
954.273
949.033
944.108
939.464
935.073
930.908
926.949
923.177
919.577
916.136
912.847
909.702
906.697
903.828
901.094
898.495
896.03
893.7
891.507
889.449
887.529
885.746
884.101
882.593
881.222
879.988
878.889
877.926
877.097
876.402
875.842
875.418
875.132
874.987
995.378
987.115
979.632
972.775
966.435
960.535
955.02
949.847
944.98
940.388
936.044
931.925
928.011
924.284
920.73
917.337
914.096
911.001
908.047
905.23
902.548
900.001
897.587
895.307
893.162
891.151
889.274
887.532
885.925
884.451
883.111
881.905
880.83
879.887
879.076
878.396
877.847
877.432
877.151
877.009
995.454
987.335
979.986
973.25
967.016
961.207
955.769
950.662
945.851
941.308
937.009
932.932
929.058
925.37
921.857
918.505
915.307
912.256
909.346
906.575
903.939
901.437
899.069
896.833
894.73
892.76
890.922
889.216
887.642
886.199
884.887
883.704
882.651
881.726
880.93
880.262
879.724
879.316
879.04
878.901
995.531
987.555
980.339
973.724
967.596
961.879
956.518
951.476
946.72
942.224
937.967
933.928
930.09
926.438
922.959
919.644
916.483
913.469
910.598
907.866
905.269
902.807
900.478
898.281
896.216
894.281
892.477
890.802
889.256
887.839
886.55
885.388
884.353
883.443
882.66
882.003
881.473
881.071
880.8
880.662
995.606
987.773
980.689
974.194
968.172
962.546
957.263
952.285
947.583
943.133
938.916
934.912
931.106
927.485
924.037
920.753
917.623
914.641
911.803
909.104
906.541
904.113
901.818
899.653
897.619
895.714
893.938
892.29
890.768
889.373
888.104
886.959
885.938
885.041
884.268
883.62
883.097
882.7
882.432
882.296
995.68
987.987
981.033
974.656
968.74
963.205
957.999
953.085
948.436
944.031
939.851
935.88
932.104
928.51
925.088
921.83
918.726
915.771
912.96
910.289
907.754
905.354
903.086
900.949
898.94
897.06
895.307
893.68
892.179
890.801
889.547
888.416
887.407
886.52
885.756
885.114
884.596
884.203
883.938
883.804
995.752
988.194
981.367
975.106
969.293
963.848
958.718
953.868
949.272
944.91
940.766
936.825
933.076
929.507
926.108
922.871
919.789
916.856
914.067
911.418
908.906
906.528
904.282
902.166
900.178
898.318
896.583
894.973
893.486
892.122
890.88
889.76
888.76
887.881
887.123
886.486
885.972
885.582
885.319
885.186
995.821
988.393
981.687
975.537
969.824
964.467
959.412
954.625
950.081
945.762
941.652
937.741
934.016
930.468
927.089
923.87
920.806
917.891
915.119
912.487
909.993
907.632
905.402
903.303
901.331
899.485
897.763
896.165
894.69
893.336
892.103
890.99
889.996
889.123
888.369
887.736
887.224
886.836
886.575
886.442
995.886
988.581
981.989
975.945
970.327
965.055
960.073
955.347
950.854
946.576
942.501
938.617
934.915
931.386
928.023
924.82
921.769
918.867
916.109
913.49
911.008
908.66
906.442
904.354
902.393
900.557
898.845
897.256
895.788
894.441
893.213
892.105
891.116
890.245
889.494
888.863
888.354
887.967
887.707
887.575
995.946
988.755
982.269
976.323
970.795
965.603
960.691
956.024
951.58
947.343
943.3
939.442
935.761
932.249
928.901
925.709
922.67
919.778
917.029
914.419
911.945
909.605
907.396
905.315
903.36
901.53
899.824
898.24
896.777
895.433
894.209
893.104
892.117
891.248
890.499
889.869
889.36
888.975
888.714
888.583
996.001
988.913
982.524
976.667
971.222
966.104
961.257
956.646
952.249
948.05
944.038
940.205
936.543
933.046
929.71
926.528
923.497
920.612
917.869
915.265
912.796
910.461
908.255
906.178
904.227
902.4
900.697
899.115
897.653
896.311
895.088
893.984
892.998
892.13
891.381
890.752
890.243
889.858
889.598
889.467
996.05
989.053
982.75
976.973
971.602
966.55
961.763
957.203
952.85
948.686
944.703
940.892
937.248
933.765
930.439
927.265
924.239
921.359
918.619
916.018
913.551
911.217
909.013
906.937
904.987
903.161
901.457
899.875
898.414
897.072
895.848
894.744
893.757
892.889
892.14
891.511
891.002
890.617
890.357
890.226
996.092
989.175
982.946
977.238
971.93
966.937
962.202
957.688
953.372
949.241
945.283
941.493
937.864
934.392
931.075
927.907
924.885
922.007
919.269
916.668
914.202
911.867
909.663
907.585
905.634
903.806
902.101
900.518
899.055
897.711
896.487
895.381
894.394
893.525
892.775
892.146
891.637
891.252
890.992
890.861
996.127
989.276
983.109
977.459
972.204
967.26
962.568
958.092
953.81
949.705
945.769
941.995
938.379
934.917
931.606
928.442
925.423
922.546
919.808
917.206
914.738
912.402
910.195
908.115
906.161
904.331
902.624
901.038
899.573
898.227
897.001
895.894
894.905
894.036
893.285
892.655
892.147
891.762
891.502
891.371
996.155
989.356
983.237
977.633
972.421
967.514
962.857
958.412
954.154
950.071
946.151
942.391
938.784
935.329
932.022
928.861
925.842
922.965
920.226
917.622
915.152
912.813
910.603
908.521
906.564
904.731
903.021
901.432
899.965
898.617
897.389
896.28
895.29
894.42
893.669
893.039
892.531
892.146
891.887
891.756
996.174
989.412
983.328
977.757
972.575
967.696
963.063
958.638
954.398
950.329
946.421
942.668
939.068
935.616
932.312
929.151
926.133
923.255
920.514
917.908
915.435
913.094
910.881
908.796
906.836
905
903.288
901.697
900.228
898.878
897.648
896.538
895.548
894.677
893.926
893.296
892.788
892.404
892.145
892.015
996.185
989.442
983.378
977.825
972.66
967.796
963.176
958.762
954.531
950.468
946.565
942.816
939.218
935.768
932.464
929.303
926.284
923.405
920.662
918.055
915.58
913.237
911.022
908.935
906.973
905.136
903.422
901.83
900.359
899.009
897.778
896.667
895.676
894.805
894.055
893.425
892.918
892.534
892.276
892.145
)
;

boundaryField
{
    insulatedWall
    {
        type            zeroGradient;
    }
    electrodeHV
    {
        type            fixedValue;
        value           uniform 1000;
    }
    electrodeG
    {
        type            fixedValue;
        value           uniform 0;
    }
    frontAndBack
    {
        type            empty;
    }
}


// ************************************************************************* //
