/*--------------------------------*- C++ -*----------------------------------*\
  =========                 |
  \\      /  F ield         | OpenFOAM: The Open Source CFD Toolbox
   \\    /   O peration     | Website:  https://openfoam.org
    \\  /    A nd           | Version:  6
     \\/     M anipulation  |
\*---------------------------------------------------------------------------*/
FoamFile
{
    version     2.0;
    format      ascii;
    class       volScalarField;
    location    "30";
    object      fw;
}
// * * * * * * * * * * * * * * * * * * * * * * * * * * * * * * * * * * * * * //

dimensions      [0 0 0 0 0 0 0];

internalField   nonuniform List<scalar> 
8800
(
1.03115
1.03116
1.03117
1.03119
1.03121
1.03125
1.03128
1.03133
1.03137
1.03143
1.03149
1.03155
1.03162
1.03169
1.03177
1.03185
1.03194
1.03203
1.03213
1.03223
1.03233
1.03243
1.03254
1.03265
1.03276
1.03287
1.03298
1.03309
1.0332
1.03332
1.03343
1.03354
1.03364
1.03375
1.03385
1.03395
1.03404
1.03414
1.03422
1.0343
1.0302
1.03021
1.03022
1.03024
1.03027
1.0303
1.03034
1.03038
1.03043
1.03048
1.03054
1.03061
1.03068
1.03075
1.03083
1.03091
1.031
1.03109
1.03119
1.03129
1.03139
1.0315
1.0316
1.03171
1.03183
1.03194
1.03205
1.03217
1.03228
1.0324
1.03251
1.03262
1.03273
1.03284
1.03294
1.03304
1.03314
1.03323
1.03332
1.0334
1.0293
1.02931
1.02932
1.02934
1.02937
1.0294
1.02944
1.02948
1.02953
1.02958
1.02964
1.02971
1.02978
1.02986
1.02994
1.03002
1.03011
1.0302
1.0303
1.0304
1.03051
1.03061
1.03072
1.03083
1.03095
1.03106
1.03118
1.03129
1.03141
1.03153
1.03164
1.03176
1.03187
1.03198
1.03209
1.03219
1.03229
1.03238
1.03247
1.03256
1.02845
1.02845
1.02847
1.02849
1.02851
1.02854
1.02858
1.02863
1.02868
1.02873
1.02879
1.02886
1.02893
1.02901
1.02909
1.02917
1.02927
1.02936
1.02946
1.02956
1.02967
1.02978
1.02989
1.03
1.03012
1.03024
1.03035
1.03047
1.03059
1.03071
1.03083
1.03095
1.03106
1.03117
1.03128
1.03139
1.03149
1.03159
1.03169
1.03177
1.02763
1.02764
1.02765
1.02767
1.0277
1.02773
1.02777
1.02782
1.02787
1.02792
1.02799
1.02805
1.02813
1.0282
1.02829
1.02837
1.02847
1.02856
1.02866
1.02877
1.02888
1.02899
1.0291
1.02922
1.02934
1.02946
1.02958
1.0297
1.02982
1.02995
1.03007
1.03019
1.03031
1.03042
1.03054
1.03065
1.03075
1.03086
1.03095
1.03104
1.02686
1.02687
1.02688
1.02691
1.02693
1.02697
1.027
1.02705
1.0271
1.02716
1.02722
1.02729
1.02736
1.02744
1.02753
1.02762
1.02771
1.02781
1.02791
1.02802
1.02813
1.02825
1.02836
1.02848
1.02861
1.02873
1.02885
1.02898
1.02911
1.02923
1.02936
1.02948
1.02961
1.02973
1.02984
1.02996
1.03007
1.03017
1.03028
1.03037
1.02613
1.02614
1.02616
1.02618
1.0262
1.02624
1.02628
1.02632
1.02638
1.02643
1.0265
1.02657
1.02664
1.02673
1.02681
1.0269
1.027
1.0271
1.02721
1.02732
1.02743
1.02755
1.02767
1.02779
1.02792
1.02805
1.02818
1.02831
1.02844
1.02857
1.0287
1.02883
1.02896
1.02908
1.0292
1.02932
1.02944
1.02955
1.02965
1.02975
1.02544
1.02545
1.02547
1.02549
1.02552
1.02555
1.02559
1.02564
1.02569
1.02575
1.02582
1.02589
1.02596
1.02605
1.02614
1.02623
1.02633
1.02643
1.02654
1.02666
1.02677
1.0269
1.02702
1.02715
1.02728
1.02741
1.02755
1.02768
1.02782
1.02795
1.02809
1.02822
1.02836
1.02849
1.02862
1.02874
1.02886
1.02897
1.02908
1.02919
1.02479
1.0248
1.02481
1.02483
1.02486
1.0249
1.02494
1.02499
1.02504
1.0251
1.02517
1.02524
1.02532
1.02541
1.0255
1.0256
1.0257
1.02581
1.02592
1.02604
1.02616
1.02628
1.02641
1.02655
1.02668
1.02682
1.02696
1.0271
1.02724
1.02739
1.02753
1.02767
1.02781
1.02794
1.02808
1.02821
1.02833
1.02845
1.02857
1.02868
1.02417
1.02418
1.02419
1.02422
1.02425
1.02428
1.02432
1.02437
1.02443
1.02449
1.02456
1.02464
1.02472
1.02481
1.0249
1.025
1.02511
1.02522
1.02534
1.02546
1.02558
1.02571
1.02585
1.02599
1.02613
1.02627
1.02642
1.02657
1.02671
1.02686
1.02701
1.02716
1.0273
1.02745
1.02759
1.02773
1.02786
1.02799
1.02811
1.02822
1.02358
1.02359
1.02361
1.02363
1.02366
1.0237
1.02374
1.02379
1.02385
1.02391
1.02399
1.02406
1.02415
1.02424
1.02434
1.02444
1.02455
1.02467
1.02479
1.02491
1.02504
1.02518
1.02532
1.02547
1.02561
1.02576
1.02592
1.02607
1.02623
1.02638
1.02654
1.0267
1.02685
1.027
1.02715
1.02729
1.02743
1.02757
1.0277
1.02782
1.02303
1.02304
1.02305
1.02308
1.02311
1.02315
1.02319
1.02324
1.0233
1.02337
1.02344
1.02352
1.02361
1.0237
1.0238
1.02391
1.02403
1.02415
1.02427
1.0244
1.02454
1.02468
1.02483
1.02498
1.02514
1.0253
1.02546
1.02562
1.02578
1.02595
1.02611
1.02628
1.02644
1.0266
1.02676
1.02691
1.02706
1.0272
1.02734
1.02746
1.0225
1.02251
1.02253
1.02255
1.02258
1.02262
1.02267
1.02272
1.02278
1.02285
1.02293
1.02301
1.0231
1.0232
1.0233
1.02342
1.02353
1.02366
1.02379
1.02393
1.02407
1.02422
1.02438
1.02454
1.0247
1.02487
1.02504
1.02521
1.02538
1.02555
1.02573
1.0259
1.02607
1.02624
1.02641
1.02657
1.02673
1.02688
1.02703
1.02716
1.022
1.02201
1.02203
1.02205
1.02208
1.02212
1.02217
1.02223
1.02229
1.02236
1.02244
1.02253
1.02262
1.02272
1.02283
1.02295
1.02307
1.0232
1.02334
1.02349
1.02364
1.02379
1.02396
1.02412
1.0243
1.02447
1.02465
1.02483
1.02502
1.0252
1.02538
1.02557
1.02575
1.02593
1.02611
1.02628
1.02645
1.02661
1.02676
1.02691
1.02153
1.02153
1.02155
1.02158
1.02161
1.02165
1.0217
1.02176
1.02182
1.0219
1.02198
1.02207
1.02217
1.02227
1.02239
1.02251
1.02264
1.02277
1.02292
1.02307
1.02323
1.02339
1.02357
1.02374
1.02392
1.02411
1.0243
1.02449
1.02469
1.02488
1.02508
1.02527
1.02547
1.02566
1.02585
1.02603
1.02621
1.02638
1.02655
1.02671
1.02107
1.02108
1.0211
1.02113
1.02116
1.0212
1.02125
1.02131
1.02138
1.02146
1.02154
1.02163
1.02174
1.02185
1.02196
1.02209
1.02223
1.02237
1.02252
1.02268
1.02285
1.02302
1.0232
1.02339
1.02358
1.02378
1.02398
1.02419
1.02439
1.0246
1.02481
1.02502
1.02523
1.02543
1.02563
1.02583
1.02602
1.02621
1.02639
1.02656
1.02064
1.02065
1.02067
1.02069
1.02073
1.02077
1.02083
1.02089
1.02096
1.02104
1.02112
1.02122
1.02133
1.02144
1.02157
1.0217
1.02184
1.02199
1.02215
1.02232
1.02249
1.02268
1.02287
1.02307
1.02327
1.02348
1.0237
1.02391
1.02413
1.02436
1.02458
1.0248
1.02502
1.02524
1.02546
1.02567
1.02588
1.02608
1.02627
1.02645
1.02023
1.02024
1.02026
1.02028
1.02032
1.02036
1.02042
1.02048
1.02055
1.02064
1.02073
1.02083
1.02094
1.02106
1.02119
1.02133
1.02148
1.02163
1.0218
1.02198
1.02216
1.02236
1.02256
1.02277
1.02299
1.02321
1.02344
1.02367
1.0239
1.02414
1.02438
1.02462
1.02485
1.02509
1.02532
1.02555
1.02577
1.02599
1.0262
1.0264
1.01983
1.01984
1.01986
1.01989
1.01993
1.01997
1.02003
1.02009
1.02017
1.02025
1.02035
1.02045
1.02057
1.02069
1.02083
1.02097
1.02113
1.02129
1.02147
1.02166
1.02185
1.02206
1.02227
1.02249
1.02272
1.02296
1.0232
1.02345
1.0237
1.02396
1.02421
1.02447
1.02472
1.02498
1.02523
1.02548
1.02572
1.02595
1.02618
1.0264
1.01945
1.01946
1.01948
1.01951
1.01955
1.01959
1.01965
1.01972
1.0198
1.01989
1.01998
1.02009
1.02021
1.02034
1.02048
1.02064
1.0208
1.02097
1.02116
1.02135
1.02156
1.02178
1.022
1.02224
1.02248
1.02274
1.02299
1.02326
1.02353
1.0238
1.02407
1.02435
1.02462
1.0249
1.02517
1.02544
1.02571
1.02596
1.02621
1.02645
1.01908
1.01909
1.01911
1.01914
1.01918
1.01923
1.01929
1.01936
1.01944
1.01953
1.01963
1.01975
1.01987
1.02001
1.02015
1.02031
1.02048
1.02067
1.02086
1.02107
1.02128
1.02151
1.02175
1.022
1.02226
1.02253
1.02281
1.02309
1.02338
1.02367
1.02396
1.02426
1.02456
1.02486
1.02515
1.02545
1.02574
1.02602
1.02629
1.02655
1.01873
1.01874
1.01876
1.01879
1.01883
1.01888
1.01894
1.01901
1.0191
1.01919
1.0193
1.01941
1.01954
1.01968
1.01984
1.02
1.02018
1.02037
1.02058
1.02079
1.02102
1.02126
1.02152
1.02178
1.02206
1.02234
1.02264
1.02294
1.02325
1.02356
1.02388
1.0242
1.02453
1.02485
1.02518
1.0255
1.02582
1.02613
1.02643
1.02671
1.01838
1.01839
1.01841
1.01844
1.01849
1.01854
1.0186
1.01868
1.01876
1.01886
1.01897
1.01909
1.01922
1.01937
1.01953
1.0197
1.01989
1.02009
1.0203
1.02053
1.02077
1.02103
1.0213
1.02158
1.02187
1.02217
1.02249
1.02281
1.02314
1.02348
1.02382
1.02417
1.02453
1.02488
1.02524
1.02559
1.02594
1.02628
1.02662
1.02693
1.01805
1.01806
1.01808
1.01811
1.01815
1.01821
1.01827
1.01835
1.01844
1.01854
1.01865
1.01878
1.01891
1.01907
1.01923
1.01941
1.01961
1.01982
1.02004
1.02028
1.02053
1.0208
1.02108
1.02138
1.02169
1.02201
1.02235
1.02269
1.02305
1.02342
1.02379
1.02417
1.02455
1.02494
1.02534
1.02573
1.02612
1.0265
1.02686
1.02721
1.01772
1.01773
1.01775
1.01778
1.01782
1.01788
1.01795
1.01803
1.01812
1.01822
1.01834
1.01847
1.01861
1.01877
1.01894
1.01913
1.01933
1.01955
1.01978
1.02003
1.0203
1.02058
1.02088
1.02119
1.02152
1.02187
1.02222
1.02259
1.02298
1.02337
1.02377
1.02419
1.02461
1.02504
1.02547
1.02591
1.02634
1.02677
1.02718
1.02756
1.01739
1.0174
1.01743
1.01746
1.0175
1.01756
1.01763
1.01771
1.0178
1.01791
1.01803
1.01817
1.01831
1.01848
1.01866
1.01885
1.01906
1.01929
1.01953
1.01979
1.02007
1.02037
1.02068
1.02101
1.02136
1.02173
1.02211
1.0225
1.02291
1.02334
1.02378
1.02423
1.0247
1.02517
1.02565
1.02614
1.02662
1.0271
1.02756
1.02799
1.01708
1.01709
1.01711
1.01714
1.01719
1.01725
1.01732
1.0174
1.0175
1.01761
1.01773
1.01787
1.01802
1.01819
1.01837
1.01858
1.01879
1.01903
1.01929
1.01956
1.01985
1.02016
1.02049
1.02084
1.0212
1.02159
1.022
1.02242
1.02286
1.02332
1.0238
1.02429
1.02481
1.02533
1.02587
1.02642
1.02697
1.0275
1.02802
1.0285
1.01676
1.01677
1.01679
1.01683
1.01688
1.01694
1.01701
1.01709
1.01719
1.0173
1.01743
1.01757
1.01773
1.0179
1.01809
1.0183
1.01853
1.01878
1.01904
1.01932
1.01963
1.01995
1.0203
1.02066
1.02105
1.02146
1.02189
1.02234
1.02281
1.02331
1.02383
1.02438
1.02494
1.02553
1.02614
1.02675
1.02737
1.02798
1.02856
1.02911
1.01645
1.01646
1.01648
1.01652
1.01657
1.01663
1.0167
1.01679
1.01689
1.017
1.01713
1.01728
1.01744
1.01762
1.01782
1.01803
1.01827
1.01852
1.01879
1.01909
1.0194
1.01974
1.0201
1.02048
1.02089
1.02132
1.02178
1.02226
1.02277
1.02331
1.02388
1.02448
1.02511
1.02576
1.02645
1.02715
1.02785
1.02854
1.0292
1.02982
1.01614
1.01615
1.01617
1.01621
1.01626
1.01632
1.01639
1.01648
1.01658
1.0167
1.01683
1.01698
1.01715
1.01734
1.01754
1.01776
1.018
1.01826
1.01854
1.01885
1.01918
1.01953
1.0199
1.0203
1.02073
1.02119
1.02167
1.02218
1.02273
1.02331
1.02393
1.02459
1.02529
1.02603
1.0268
1.0276
1.02841
1.0292
1.02996
1.03066
1.01583
1.01584
1.01587
1.0159
1.01595
1.01601
1.01609
1.01618
1.01628
1.0164
1.01654
1.01669
1.01686
1.01705
1.01726
1.01748
1.01773
1.018
1.01829
1.01861
1.01894
1.01931
1.0197
1.02011
1.02056
1.02104
1.02155
1.0221
1.02268
1.02331
1.02398
1.02471
1.02549
1.02633
1.02721
1.02812
1.02905
1.02996
1.03084
1.03164
1.01552
1.01553
1.01556
1.01559
1.01564
1.01571
1.01578
1.01587
1.01598
1.0161
1.01624
1.0164
1.01657
1.01676
1.01697
1.01721
1.01746
1.01774
1.01803
1.01836
1.01871
1.01908
1.01948
1.01992
1.02038
1.02088
1.02142
1.022
1.02262
1.0233
1.02404
1.02484
1.02571
1.02665
1.02766
1.02871
1.02979
1.03086
1.03188
1.03281
1.01521
1.01522
1.01525
1.01529
1.01534
1.0154
1.01548
1.01557
1.01568
1.0158
1.01594
1.0161
1.01628
1.01647
1.01669
1.01693
1.01718
1.01747
1.01777
1.0181
1.01846
1.01884
1.01926
1.01971
1.02019
1.02071
1.02127
1.02188
1.02255
1.02328
1.02408
1.02496
1.02593
1.027
1.02815
1.02937
1.03063
1.03189
1.0331
1.03419
1.0149
1.01491
1.01494
1.01498
1.01503
1.01509
1.01517
1.01526
1.01537
1.0155
1.01564
1.0158
1.01598
1.01618
1.0164
1.01664
1.0169
1.01719
1.0175
1.01783
1.0182
1.01859
1.01902
1.01948
1.01998
1.02052
1.02111
1.02175
1.02245
1.02323
1.0241
1.02507
1.02615
1.02735
1.02868
1.0301
1.03159
1.0331
1.03455
1.03586
1.01459
1.0146
1.01463
1.01466
1.01472
1.01478
1.01486
1.01495
1.01506
1.01519
1.01533
1.0155
1.01568
1.01588
1.0161
1.01635
1.01661
1.0169
1.01722
1.01756
1.01793
1.01833
1.01876
1.01923
1.01975
1.0203
1.02091
1.02158
1.02232
1.02315
1.02409
1.02515
1.02635
1.02771
1.02922
1.03089
1.03267
1.0345
1.03629
1.0379
1.01428
1.01429
1.01431
1.01435
1.0144
1.01447
1.01455
1.01464
1.01475
1.01488
1.01503
1.01519
1.01537
1.01558
1.0158
1.01605
1.01631
1.01661
1.01692
1.01727
1.01764
1.01805
1.01849
1.01897
1.01949
1.02006
1.02069
1.02138
1.02216
1.02304
1.02403
1.02518
1.02651
1.02803
1.02977
1.03172
1.03386
1.03613
1.0384
1.04046
1.01396
1.01398
1.014
1.01404
1.01409
1.01415
1.01423
1.01433
1.01444
1.01457
1.01471
1.01488
1.01506
1.01527
1.01549
1.01574
1.01601
1.0163
1.01662
1.01697
1.01735
1.01776
1.0182
1.01868
1.01921
1.01979
1.02044
1.02115
1.02195
1.02287
1.02393
1.02516
1.0266
1.02829
1.03026
1.03253
1.03512
1.03797
1.04097
1.0438
1.01365
1.01366
1.01368
1.01372
1.01377
1.01384
1.01392
1.01401
1.01412
1.01425
1.0144
1.01456
1.01475
1.01495
1.01518
1.01542
1.01569
1.01599
1.01631
1.01666
1.01703
1.01744
1.01789
1.01838
1.01891
1.01949
1.02014
1.02087
1.02169
1.02264
1.02375
1.02505
1.0266
1.02845
1.03065
1.03327
1.03637
1.03999
1.04408
1.04831
1.01333
1.01334
1.01336
1.0134
1.01345
1.01352
1.0136
1.01369
1.0138
1.01393
1.01408
1.01424
1.01443
1.01463
1.01486
1.0151
1.01537
1.01566
1.01598
1.01633
1.01671
1.01711
1.01756
1.01804
1.01858
1.01916
1.01981
1.02055
1.02138
1.02235
1.02348
1.02484
1.02647
1.02844
1.03084
1.03379
1.03745
1.04203
1.04774
1.0546
1.01301
1.01302
1.01304
1.01308
1.01313
1.01319
1.01327
1.01337
1.01348
1.01361
1.01376
1.01392
1.0141
1.0143
1.01453
1.01477
1.01504
1.01533
1.01565
1.01599
1.01636
1.01677
1.01721
1.01769
1.01822
1.0188
1.01944
1.02017
1.02101
1.02198
1.02313
1.02451
1.02618
1.02822
1.03075
1.03393
1.03807
1.04367
1.05164
1.06333
1.03438
1.03445
1.03451
1.03456
1.03461
1.03465
1.03469
1.03471
1.03473
1.03473
1.03473
1.03473
1.03471
1.03469
1.03465
1.03461
1.03456
1.03451
1.03445
1.03438
1.03348
1.03355
1.03361
1.03367
1.03372
1.03376
1.03379
1.03382
1.03384
1.03384
1.03384
1.03384
1.03382
1.03379
1.03376
1.03372
1.03367
1.03361
1.03355
1.03348
1.03264
1.03271
1.03278
1.03283
1.03289
1.03293
1.03296
1.03299
1.03301
1.03301
1.03301
1.03301
1.03299
1.03296
1.03293
1.03289
1.03283
1.03278
1.03271
1.03264
1.03185
1.03193
1.032
1.03206
1.03211
1.03215
1.03219
1.03222
1.03223
1.03224
1.03224
1.03223
1.03222
1.03219
1.03215
1.03211
1.03206
1.032
1.03193
1.03185
1.03113
1.03121
1.03128
1.03134
1.03139
1.03144
1.03148
1.0315
1.03152
1.03153
1.03153
1.03152
1.0315
1.03148
1.03144
1.03139
1.03134
1.03128
1.03121
1.03113
1.03046
1.03054
1.03061
1.03068
1.03073
1.03078
1.03082
1.03085
1.03087
1.03088
1.03088
1.03087
1.03085
1.03082
1.03078
1.03073
1.03068
1.03061
1.03054
1.03046
1.02984
1.02993
1.03
1.03007
1.03013
1.03018
1.03022
1.03025
1.03027
1.03028
1.03028
1.03027
1.03025
1.03022
1.03018
1.03013
1.03007
1.03
1.02993
1.02984
1.02928
1.02937
1.02945
1.02952
1.02959
1.02964
1.02968
1.02971
1.02973
1.02975
1.02975
1.02973
1.02971
1.02968
1.02964
1.02959
1.02952
1.02945
1.02937
1.02928
1.02878
1.02887
1.02896
1.02903
1.0291
1.02915
1.0292
1.02923
1.02925
1.02926
1.02926
1.02925
1.02923
1.0292
1.02915
1.0291
1.02903
1.02896
1.02887
1.02878
1.02833
1.02843
1.02852
1.0286
1.02866
1.02872
1.02877
1.02881
1.02883
1.02884
1.02884
1.02883
1.02881
1.02877
1.02872
1.02866
1.0286
1.02852
1.02843
1.02833
1.02793
1.02803
1.02813
1.02821
1.02829
1.02835
1.0284
1.02844
1.02846
1.02848
1.02848
1.02846
1.02844
1.0284
1.02835
1.02829
1.02821
1.02813
1.02803
1.02793
1.02758
1.0277
1.0278
1.02789
1.02796
1.02803
1.02808
1.02812
1.02815
1.02817
1.02817
1.02815
1.02812
1.02808
1.02803
1.02796
1.02789
1.0278
1.0277
1.02758
1.02729
1.02741
1.02752
1.02761
1.0277
1.02777
1.02782
1.02787
1.0279
1.02791
1.02791
1.0279
1.02787
1.02782
1.02777
1.0277
1.02761
1.02752
1.02741
1.02729
1.02705
1.02718
1.02729
1.02739
1.02748
1.02756
1.02762
1.02767
1.0277
1.02771
1.02771
1.0277
1.02767
1.02762
1.02756
1.02748
1.02739
1.02729
1.02718
1.02705
1.02686
1.02699
1.02712
1.02723
1.02733
1.02741
1.02747
1.02752
1.02756
1.02757
1.02757
1.02756
1.02752
1.02747
1.02741
1.02733
1.02723
1.02712
1.02699
1.02686
1.02672
1.02686
1.027
1.02712
1.02722
1.02731
1.02738
1.02744
1.02747
1.02749
1.02749
1.02747
1.02744
1.02738
1.02731
1.02722
1.02712
1.027
1.02686
1.02672
1.02663
1.02679
1.02693
1.02706
1.02717
1.02727
1.02735
1.02741
1.02744
1.02746
1.02746
1.02744
1.02741
1.02735
1.02727
1.02717
1.02706
1.02693
1.02679
1.02663
1.02659
1.02676
1.02692
1.02706
1.02718
1.02729
1.02737
1.02743
1.02748
1.0275
1.0275
1.02748
1.02743
1.02737
1.02729
1.02718
1.02706
1.02692
1.02676
1.02659
1.0266
1.02679
1.02696
1.02712
1.02725
1.02736
1.02745
1.02752
1.02757
1.02759
1.02759
1.02757
1.02752
1.02745
1.02736
1.02725
1.02712
1.02696
1.02679
1.0266
1.02667
1.02688
1.02706
1.02723
1.02738
1.0275
1.0276
1.02767
1.02772
1.02775
1.02775
1.02772
1.02767
1.0276
1.0275
1.02738
1.02723
1.02706
1.02688
1.02667
1.0268
1.02702
1.02723
1.02741
1.02757
1.0277
1.02781
1.02789
1.02794
1.02797
1.02797
1.02794
1.02789
1.02781
1.0277
1.02757
1.02741
1.02723
1.02702
1.0268
1.02698
1.02723
1.02745
1.02765
1.02782
1.02797
1.02808
1.02817
1.02823
1.02826
1.02826
1.02823
1.02817
1.02808
1.02797
1.02782
1.02765
1.02745
1.02723
1.02698
1.02723
1.0275
1.02774
1.02796
1.02815
1.02831
1.02843
1.02853
1.02859
1.02862
1.02862
1.02859
1.02853
1.02843
1.02831
1.02815
1.02796
1.02774
1.0275
1.02723
1.02754
1.02784
1.02811
1.02835
1.02855
1.02872
1.02886
1.02896
1.02903
1.02906
1.02906
1.02903
1.02896
1.02886
1.02872
1.02855
1.02835
1.02811
1.02784
1.02754
1.02793
1.02826
1.02855
1.02881
1.02903
1.02922
1.02937
1.02947
1.02955
1.02958
1.02958
1.02955
1.02947
1.02937
1.02922
1.02903
1.02881
1.02855
1.02826
1.02793
1.02839
1.02876
1.02908
1.02937
1.02961
1.0298
1.02996
1.03007
1.03015
1.03019
1.03019
1.03015
1.03007
1.02996
1.0298
1.02961
1.02937
1.02908
1.02876
1.02839
1.02895
1.02935
1.02971
1.03002
1.03027
1.03048
1.03065
1.03077
1.03085
1.03089
1.03089
1.03085
1.03077
1.03065
1.03048
1.03027
1.03002
1.02971
1.02935
1.02895
1.02961
1.03005
1.03044
1.03078
1.03105
1.03127
1.03144
1.03156
1.03164
1.03168
1.03168
1.03164
1.03156
1.03144
1.03127
1.03105
1.03078
1.03044
1.03005
1.02961
1.03038
1.03087
1.0313
1.03165
1.03194
1.03216
1.03233
1.03246
1.03253
1.03257
1.03257
1.03253
1.03246
1.03233
1.03216
1.03194
1.03165
1.0313
1.03087
1.03038
1.03129
1.03183
1.03229
1.03267
1.03296
1.03318
1.03334
1.03346
1.03353
1.03356
1.03356
1.03353
1.03346
1.03334
1.03318
1.03296
1.03267
1.03229
1.03183
1.03129
1.03235
1.03296
1.03345
1.03383
1.03412
1.03433
1.03447
1.03457
1.03463
1.03466
1.03466
1.03463
1.03457
1.03447
1.03433
1.03412
1.03383
1.03345
1.03296
1.03235
1.03361
1.03427
1.03479
1.03517
1.03543
1.03561
1.03572
1.03579
1.03583
1.03585
1.03585
1.03583
1.03579
1.03572
1.03561
1.03543
1.03517
1.03479
1.03427
1.03361
1.03511
1.03583
1.03636
1.0367
1.03692
1.03704
1.0371
1.03712
1.03712
1.03712
1.03712
1.03712
1.03712
1.0371
1.03704
1.03692
1.0367
1.03636
1.03583
1.03511
1.03692
1.0377
1.03819
1.03847
1.03858
1.03861
1.03858
1.03854
1.0385
1.03847
1.03847
1.0385
1.03854
1.03858
1.03861
1.03858
1.03847
1.03819
1.0377
1.03692
1.03916
1.03997
1.04037
1.04049
1.04044
1.04031
1.04016
1.04002
1.03992
1.03987
1.03987
1.03992
1.04002
1.04016
1.04031
1.04044
1.04049
1.04037
1.03997
1.03916
1.04201
1.04279
1.04297
1.0428
1.04247
1.04212
1.0418
1.04155
1.04137
1.04128
1.04128
1.04137
1.04155
1.0418
1.04212
1.04247
1.0428
1.04297
1.04279
1.04201
1.04586
1.04641
1.04607
1.04539
1.04465
1.04399
1.04346
1.04306
1.0428
1.04267
1.04267
1.0428
1.04306
1.04346
1.04399
1.04465
1.04539
1.04607
1.04641
1.04586
1.05159
1.05123
1.04974
1.04819
1.04687
1.04583
1.04506
1.04451
1.04416
1.04399
1.04399
1.04416
1.04451
1.04506
1.04583
1.04687
1.04819
1.04974
1.05123
1.05159
1.06164
1.05769
1.05381
1.05096
1.04894
1.04751
1.04651
1.04582
1.0454
1.0452
1.0452
1.0454
1.04582
1.04651
1.04751
1.04894
1.05096
1.05381
1.05769
1.06164
1.08459
1.06524
1.05739
1.05316
1.05056
1.04885
1.0477
1.04694
1.04647
1.04625
1.04625
1.04647
1.04694
1.0477
1.04885
1.05056
1.05316
1.05739
1.06524
1.08459
1.0343
1.03422
1.03414
1.03404
1.03395
1.03385
1.03375
1.03364
1.03354
1.03343
1.03332
1.0332
1.03309
1.03298
1.03287
1.03276
1.03265
1.03254
1.03243
1.03233
1.03223
1.03213
1.03203
1.03194
1.03185
1.03177
1.03169
1.03162
1.03155
1.03149
1.03143
1.03137
1.03133
1.03128
1.03125
1.03121
1.03119
1.03117
1.03116
1.03115
1.0334
1.03332
1.03323
1.03314
1.03304
1.03294
1.03284
1.03273
1.03262
1.03251
1.0324
1.03228
1.03217
1.03205
1.03194
1.03183
1.03171
1.0316
1.0315
1.03139
1.03129
1.03119
1.03109
1.031
1.03091
1.03083
1.03075
1.03068
1.03061
1.03054
1.03048
1.03043
1.03038
1.03034
1.0303
1.03027
1.03024
1.03022
1.03021
1.0302
1.03256
1.03247
1.03238
1.03229
1.03219
1.03209
1.03198
1.03187
1.03176
1.03164
1.03153
1.03141
1.03129
1.03118
1.03106
1.03095
1.03083
1.03072
1.03061
1.03051
1.0304
1.0303
1.0302
1.03011
1.03002
1.02994
1.02986
1.02978
1.02971
1.02964
1.02958
1.02953
1.02948
1.02944
1.0294
1.02937
1.02934
1.02932
1.02931
1.0293
1.03177
1.03169
1.03159
1.03149
1.03139
1.03128
1.03117
1.03106
1.03095
1.03083
1.03071
1.03059
1.03047
1.03035
1.03024
1.03012
1.03
1.02989
1.02978
1.02967
1.02956
1.02946
1.02936
1.02927
1.02917
1.02909
1.02901
1.02893
1.02886
1.02879
1.02873
1.02868
1.02863
1.02858
1.02854
1.02851
1.02849
1.02847
1.02845
1.02845
1.03104
1.03095
1.03086
1.03075
1.03065
1.03054
1.03042
1.03031
1.03019
1.03007
1.02995
1.02982
1.0297
1.02958
1.02946
1.02934
1.02922
1.0291
1.02899
1.02888
1.02877
1.02866
1.02856
1.02847
1.02837
1.02829
1.0282
1.02813
1.02805
1.02799
1.02792
1.02787
1.02782
1.02777
1.02773
1.0277
1.02767
1.02765
1.02764
1.02763
1.03037
1.03028
1.03017
1.03007
1.02996
1.02984
1.02973
1.02961
1.02948
1.02936
1.02923
1.02911
1.02898
1.02885
1.02873
1.02861
1.02848
1.02836
1.02825
1.02813
1.02802
1.02791
1.02781
1.02771
1.02762
1.02753
1.02744
1.02736
1.02729
1.02722
1.02716
1.0271
1.02705
1.027
1.02697
1.02693
1.02691
1.02688
1.02687
1.02686
1.02975
1.02965
1.02955
1.02944
1.02932
1.0292
1.02908
1.02896
1.02883
1.0287
1.02857
1.02844
1.02831
1.02818
1.02805
1.02792
1.02779
1.02767
1.02755
1.02743
1.02732
1.02721
1.0271
1.027
1.0269
1.02681
1.02673
1.02664
1.02657
1.0265
1.02643
1.02638
1.02632
1.02628
1.02624
1.0262
1.02618
1.02616
1.02614
1.02613
1.02919
1.02908
1.02897
1.02886
1.02874
1.02862
1.02849
1.02836
1.02822
1.02809
1.02795
1.02782
1.02768
1.02755
1.02741
1.02728
1.02715
1.02702
1.0269
1.02677
1.02666
1.02654
1.02643
1.02633
1.02623
1.02614
1.02605
1.02596
1.02589
1.02582
1.02575
1.02569
1.02564
1.02559
1.02555
1.02552
1.02549
1.02547
1.02545
1.02544
1.02868
1.02857
1.02845
1.02833
1.02821
1.02808
1.02794
1.02781
1.02767
1.02753
1.02739
1.02724
1.0271
1.02696
1.02682
1.02668
1.02655
1.02641
1.02628
1.02616
1.02604
1.02592
1.02581
1.0257
1.0256
1.0255
1.02541
1.02532
1.02524
1.02517
1.0251
1.02504
1.02499
1.02494
1.0249
1.02486
1.02483
1.02481
1.0248
1.02479
1.02822
1.02811
1.02799
1.02786
1.02773
1.02759
1.02745
1.0273
1.02716
1.02701
1.02686
1.02671
1.02657
1.02642
1.02627
1.02613
1.02599
1.02585
1.02571
1.02558
1.02546
1.02534
1.02522
1.02511
1.025
1.0249
1.02481
1.02472
1.02464
1.02456
1.02449
1.02443
1.02437
1.02432
1.02428
1.02425
1.02422
1.02419
1.02418
1.02417
1.02782
1.0277
1.02757
1.02743
1.02729
1.02715
1.027
1.02685
1.0267
1.02654
1.02638
1.02623
1.02607
1.02592
1.02576
1.02561
1.02547
1.02532
1.02518
1.02504
1.02491
1.02479
1.02467
1.02455
1.02444
1.02434
1.02424
1.02415
1.02406
1.02399
1.02391
1.02385
1.02379
1.02374
1.0237
1.02366
1.02363
1.02361
1.02359
1.02358
1.02746
1.02734
1.0272
1.02706
1.02691
1.02676
1.0266
1.02644
1.02628
1.02611
1.02595
1.02578
1.02562
1.02546
1.0253
1.02514
1.02498
1.02483
1.02468
1.02454
1.0244
1.02427
1.02415
1.02403
1.02391
1.0238
1.0237
1.02361
1.02352
1.02344
1.02337
1.0233
1.02324
1.02319
1.02315
1.02311
1.02308
1.02305
1.02304
1.02303
1.02716
1.02703
1.02688
1.02673
1.02657
1.02641
1.02624
1.02607
1.0259
1.02573
1.02555
1.02538
1.02521
1.02504
1.02487
1.0247
1.02454
1.02438
1.02422
1.02407
1.02393
1.02379
1.02366
1.02353
1.02342
1.0233
1.0232
1.0231
1.02301
1.02293
1.02285
1.02278
1.02272
1.02267
1.02262
1.02258
1.02255
1.02253
1.02251
1.0225
1.02691
1.02676
1.02661
1.02645
1.02628
1.02611
1.02593
1.02575
1.02557
1.02538
1.0252
1.02502
1.02483
1.02465
1.02447
1.0243
1.02412
1.02396
1.02379
1.02364
1.02349
1.02334
1.0232
1.02307
1.02295
1.02283
1.02272
1.02262
1.02253
1.02244
1.02236
1.02229
1.02223
1.02217
1.02212
1.02208
1.02205
1.02203
1.02201
1.022
1.02671
1.02655
1.02638
1.02621
1.02603
1.02585
1.02566
1.02547
1.02527
1.02508
1.02488
1.02469
1.02449
1.0243
1.02411
1.02392
1.02374
1.02357
1.02339
1.02323
1.02307
1.02292
1.02277
1.02264
1.02251
1.02239
1.02227
1.02217
1.02207
1.02198
1.0219
1.02182
1.02176
1.0217
1.02165
1.02161
1.02158
1.02155
1.02153
1.02153
1.02656
1.02639
1.02621
1.02602
1.02583
1.02563
1.02543
1.02523
1.02502
1.02481
1.0246
1.02439
1.02419
1.02398
1.02378
1.02358
1.02339
1.0232
1.02302
1.02285
1.02268
1.02252
1.02237
1.02223
1.02209
1.02196
1.02185
1.02174
1.02163
1.02154
1.02146
1.02138
1.02131
1.02125
1.0212
1.02116
1.02113
1.0211
1.02108
1.02107
1.02645
1.02627
1.02608
1.02588
1.02567
1.02546
1.02524
1.02502
1.0248
1.02458
1.02436
1.02413
1.02391
1.0237
1.02348
1.02327
1.02307
1.02287
1.02268
1.02249
1.02232
1.02215
1.02199
1.02184
1.0217
1.02157
1.02144
1.02133
1.02122
1.02112
1.02104
1.02096
1.02089
1.02083
1.02077
1.02073
1.02069
1.02067
1.02065
1.02064
1.0264
1.0262
1.02599
1.02577
1.02555
1.02532
1.02509
1.02485
1.02462
1.02438
1.02414
1.0239
1.02367
1.02344
1.02321
1.02299
1.02277
1.02256
1.02236
1.02216
1.02198
1.0218
1.02163
1.02148
1.02133
1.02119
1.02106
1.02094
1.02083
1.02073
1.02064
1.02055
1.02048
1.02042
1.02036
1.02032
1.02028
1.02026
1.02024
1.02023
1.0264
1.02618
1.02595
1.02572
1.02548
1.02523
1.02498
1.02472
1.02447
1.02421
1.02396
1.0237
1.02345
1.0232
1.02296
1.02272
1.02249
1.02227
1.02206
1.02185
1.02166
1.02147
1.02129
1.02113
1.02097
1.02083
1.02069
1.02057
1.02045
1.02035
1.02025
1.02017
1.02009
1.02003
1.01997
1.01993
1.01989
1.01986
1.01984
1.01983
1.02645
1.02621
1.02596
1.02571
1.02544
1.02517
1.0249
1.02462
1.02435
1.02407
1.0238
1.02353
1.02326
1.02299
1.02274
1.02248
1.02224
1.022
1.02178
1.02156
1.02135
1.02116
1.02097
1.0208
1.02064
1.02048
1.02034
1.02021
1.02009
1.01998
1.01989
1.0198
1.01972
1.01965
1.01959
1.01955
1.01951
1.01948
1.01946
1.01945
1.02655
1.02629
1.02602
1.02574
1.02545
1.02515
1.02486
1.02456
1.02426
1.02396
1.02367
1.02338
1.02309
1.02281
1.02253
1.02226
1.022
1.02175
1.02151
1.02128
1.02107
1.02086
1.02067
1.02048
1.02031
1.02015
1.02001
1.01987
1.01975
1.01963
1.01953
1.01944
1.01936
1.01929
1.01923
1.01918
1.01914
1.01911
1.01909
1.01908
1.02671
1.02643
1.02613
1.02582
1.0255
1.02518
1.02485
1.02453
1.0242
1.02388
1.02356
1.02325
1.02294
1.02264
1.02234
1.02206
1.02178
1.02152
1.02126
1.02102
1.02079
1.02058
1.02037
1.02018
1.02
1.01984
1.01968
1.01954
1.01941
1.0193
1.01919
1.0191
1.01901
1.01894
1.01888
1.01883
1.01879
1.01876
1.01874
1.01873
1.02693
1.02662
1.02628
1.02594
1.02559
1.02524
1.02488
1.02453
1.02417
1.02382
1.02348
1.02314
1.02281
1.02249
1.02217
1.02187
1.02158
1.0213
1.02103
1.02077
1.02053
1.0203
1.02009
1.01989
1.0197
1.01953
1.01937
1.01922
1.01909
1.01897
1.01886
1.01876
1.01868
1.0186
1.01854
1.01849
1.01844
1.01841
1.01839
1.01838
1.02721
1.02686
1.0265
1.02612
1.02573
1.02534
1.02494
1.02455
1.02417
1.02379
1.02342
1.02305
1.02269
1.02235
1.02201
1.02169
1.02138
1.02108
1.0208
1.02053
1.02028
1.02004
1.01982
1.01961
1.01941
1.01923
1.01907
1.01891
1.01878
1.01865
1.01854
1.01844
1.01835
1.01827
1.01821
1.01815
1.01811
1.01808
1.01806
1.01805
1.02756
1.02718
1.02677
1.02634
1.02591
1.02547
1.02504
1.02461
1.02419
1.02377
1.02337
1.02298
1.02259
1.02222
1.02187
1.02152
1.02119
1.02088
1.02058
1.0203
1.02003
1.01978
1.01955
1.01933
1.01913
1.01894
1.01877
1.01861
1.01847
1.01834
1.01822
1.01812
1.01803
1.01795
1.01788
1.01782
1.01778
1.01775
1.01773
1.01772
1.02799
1.02756
1.0271
1.02662
1.02614
1.02565
1.02517
1.0247
1.02423
1.02378
1.02334
1.02291
1.0225
1.02211
1.02173
1.02136
1.02101
1.02068
1.02037
1.02007
1.01979
1.01953
1.01929
1.01906
1.01885
1.01866
1.01848
1.01831
1.01817
1.01803
1.01791
1.0178
1.01771
1.01763
1.01756
1.0175
1.01746
1.01743
1.0174
1.01739
1.0285
1.02802
1.0275
1.02697
1.02642
1.02587
1.02533
1.02481
1.02429
1.0238
1.02332
1.02286
1.02242
1.022
1.02159
1.0212
1.02084
1.02049
1.02016
1.01985
1.01956
1.01929
1.01903
1.01879
1.01858
1.01837
1.01819
1.01802
1.01787
1.01773
1.01761
1.0175
1.0174
1.01732
1.01725
1.01719
1.01714
1.01711
1.01709
1.01708
1.02911
1.02856
1.02798
1.02737
1.02675
1.02614
1.02553
1.02494
1.02438
1.02383
1.02331
1.02281
1.02234
1.02189
1.02146
1.02105
1.02066
1.0203
1.01995
1.01963
1.01932
1.01904
1.01878
1.01853
1.0183
1.01809
1.0179
1.01773
1.01757
1.01743
1.0173
1.01719
1.01709
1.01701
1.01694
1.01688
1.01683
1.01679
1.01677
1.01676
1.02982
1.0292
1.02854
1.02785
1.02715
1.02645
1.02576
1.02511
1.02448
1.02388
1.02331
1.02277
1.02226
1.02178
1.02132
1.02089
1.02048
1.0201
1.01974
1.0194
1.01909
1.01879
1.01852
1.01827
1.01803
1.01782
1.01762
1.01744
1.01728
1.01713
1.017
1.01689
1.01679
1.0167
1.01663
1.01657
1.01652
1.01648
1.01646
1.01645
1.03066
1.02996
1.0292
1.02841
1.0276
1.0268
1.02603
1.02529
1.02459
1.02393
1.02331
1.02273
1.02218
1.02167
1.02119
1.02073
1.0203
1.0199
1.01953
1.01918
1.01885
1.01854
1.01826
1.018
1.01776
1.01754
1.01734
1.01715
1.01698
1.01683
1.0167
1.01658
1.01648
1.01639
1.01632
1.01626
1.01621
1.01617
1.01615
1.01614
1.03164
1.03084
1.02996
1.02905
1.02812
1.02721
1.02633
1.02549
1.02471
1.02398
1.02331
1.02268
1.0221
1.02155
1.02104
1.02056
1.02011
1.0197
1.01931
1.01894
1.01861
1.01829
1.018
1.01773
1.01748
1.01726
1.01705
1.01686
1.01669
1.01654
1.0164
1.01628
1.01618
1.01609
1.01601
1.01595
1.0159
1.01587
1.01584
1.01583
1.03281
1.03188
1.03086
1.02979
1.02871
1.02766
1.02665
1.02571
1.02484
1.02404
1.0233
1.02262
1.022
1.02142
1.02088
1.02038
1.01992
1.01948
1.01908
1.01871
1.01836
1.01803
1.01774
1.01746
1.01721
1.01697
1.01676
1.01657
1.0164
1.01624
1.0161
1.01598
1.01587
1.01578
1.01571
1.01564
1.01559
1.01556
1.01553
1.01552
1.03419
1.0331
1.03189
1.03063
1.02937
1.02815
1.027
1.02593
1.02496
1.02408
1.02328
1.02255
1.02188
1.02127
1.02071
1.02019
1.01971
1.01926
1.01884
1.01846
1.0181
1.01777
1.01747
1.01718
1.01693
1.01669
1.01647
1.01628
1.0161
1.01594
1.0158
1.01568
1.01557
1.01548
1.0154
1.01534
1.01529
1.01525
1.01522
1.01521
1.03586
1.03455
1.0331
1.03159
1.0301
1.02868
1.02735
1.02615
1.02507
1.0241
1.02323
1.02245
1.02175
1.02111
1.02052
1.01998
1.01948
1.01902
1.01859
1.0182
1.01783
1.0175
1.01719
1.0169
1.01664
1.0164
1.01618
1.01598
1.0158
1.01564
1.0155
1.01537
1.01526
1.01517
1.01509
1.01503
1.01498
1.01494
1.01491
1.0149
1.0379
1.03629
1.0345
1.03267
1.03089
1.02922
1.02771
1.02635
1.02515
1.02409
1.02315
1.02232
1.02158
1.02091
1.0203
1.01975
1.01923
1.01876
1.01833
1.01793
1.01756
1.01722
1.0169
1.01661
1.01635
1.0161
1.01588
1.01568
1.0155
1.01533
1.01519
1.01506
1.01495
1.01486
1.01478
1.01472
1.01466
1.01463
1.0146
1.01459
1.04046
1.0384
1.03613
1.03386
1.03172
1.02977
1.02803
1.02651
1.02518
1.02403
1.02304
1.02216
1.02138
1.02069
1.02006
1.01949
1.01897
1.01849
1.01805
1.01764
1.01727
1.01692
1.01661
1.01631
1.01605
1.0158
1.01558
1.01537
1.01519
1.01503
1.01488
1.01475
1.01464
1.01455
1.01447
1.0144
1.01435
1.01431
1.01429
1.01428
1.0438
1.04097
1.03797
1.03512
1.03253
1.03026
1.02829
1.0266
1.02516
1.02393
1.02287
1.02195
1.02115
1.02044
1.01979
1.01921
1.01868
1.0182
1.01776
1.01735
1.01697
1.01662
1.0163
1.01601
1.01574
1.01549
1.01527
1.01506
1.01488
1.01471
1.01457
1.01444
1.01433
1.01423
1.01415
1.01409
1.01404
1.014
1.01398
1.01396
1.04831
1.04408
1.03999
1.03637
1.03327
1.03065
1.02845
1.0266
1.02505
1.02375
1.02264
1.02169
1.02087
1.02014
1.01949
1.01891
1.01838
1.01789
1.01744
1.01703
1.01666
1.01631
1.01599
1.01569
1.01542
1.01518
1.01495
1.01475
1.01456
1.0144
1.01425
1.01412
1.01401
1.01392
1.01384
1.01377
1.01372
1.01368
1.01366
1.01365
1.0546
1.04774
1.04203
1.03745
1.03379
1.03084
1.02844
1.02647
1.02484
1.02348
1.02235
1.02138
1.02055
1.01981
1.01916
1.01858
1.01804
1.01756
1.01711
1.01671
1.01633
1.01598
1.01566
1.01537
1.0151
1.01486
1.01463
1.01443
1.01424
1.01408
1.01393
1.0138
1.01369
1.0136
1.01352
1.01345
1.0134
1.01336
1.01334
1.01333
1.06333
1.05164
1.04367
1.03807
1.03393
1.03075
1.02822
1.02618
1.02451
1.02313
1.02198
1.02101
1.02017
1.01944
1.0188
1.01822
1.01769
1.01721
1.01677
1.01636
1.01599
1.01565
1.01533
1.01504
1.01477
1.01453
1.0143
1.0141
1.01392
1.01376
1.01361
1.01348
1.01337
1.01327
1.01319
1.01313
1.01308
1.01304
1.01302
1.01301
1.01268
1.0127
1.01272
1.01276
1.01281
1.01287
1.01295
1.01304
1.01315
1.01328
1.01343
1.01359
1.01377
1.01397
1.01419
1.01444
1.0147
1.01499
1.0153
1.01564
1.01601
1.01641
1.01684
1.01731
1.01783
1.0184
1.01904
1.01976
1.02058
1.02154
1.02268
1.02405
1.02571
1.02775
1.03028
1.03349
1.03777
1.04396
1.0545
1.07783
1.01236
1.01237
1.01239
1.01243
1.01248
1.01254
1.01262
1.01272
1.01283
1.01295
1.0131
1.01326
1.01344
1.01363
1.01385
1.01409
1.01435
1.01464
1.01495
1.01528
1.01564
1.01603
1.01645
1.01692
1.01742
1.01798
1.0186
1.0193
1.0201
1.02103
1.02214
1.02347
1.02508
1.02703
1.02942
1.03239
1.03614
1.04103
1.04743
1.05471
1.01203
1.01204
1.01207
1.0121
1.01215
1.01222
1.01229
1.01239
1.01249
1.01262
1.01276
1.01292
1.0131
1.01329
1.01351
1.01374
1.014
1.01428
1.01458
1.01491
1.01526
1.01564
1.01605
1.0165
1.01699
1.01753
1.01813
1.0188
1.01957
1.02046
1.02152
1.02279
1.0243
1.02611
1.02828
1.03086
1.03392
1.0375
1.04138
1.04475
1.01171
1.01172
1.01174
1.01178
1.01182
1.01189
1.01196
1.01205
1.01216
1.01228
1.01242
1.01258
1.01275
1.01295
1.01316
1.01339
1.01364
1.01391
1.01421
1.01453
1.01487
1.01524
1.01564
1.01607
1.01654
1.01706
1.01763
1.01827
1.019
1.01985
1.02085
1.02203
1.02343
1.02508
1.02699
1.02918
1.03164
1.03429
1.03688
1.03895
1.01138
1.01139
1.01141
1.01145
1.01149
1.01156
1.01163
1.01172
1.01182
1.01194
1.01208
1.01223
1.01241
1.0126
1.0128
1.01303
1.01328
1.01355
1.01383
1.01414
1.01448
1.01483
1.01522
1.01563
1.01608
1.01658
1.01712
1.01772
1.01841
1.01921
1.02014
1.02123
1.02251
1.02399
1.02567
1.02753
1.02953
1.03158
1.03349
1.03503
1.01105
1.01106
1.01108
1.01112
1.01116
1.01122
1.0113
1.01138
1.01149
1.0116
1.01174
1.01189
1.01206
1.01224
1.01245
1.01267
1.01291
1.01317
1.01345
1.01375
1.01407
1.01442
1.01479
1.01519
1.01561
1.01608
1.01659
1.01716
1.01781
1.01855
1.01941
1.02042
1.02158
1.0229
1.02438
1.02598
1.02765
1.02931
1.03085
1.03213
1.01072
1.01073
1.01076
1.01079
1.01083
1.01089
1.01096
1.01105
1.01115
1.01126
1.01139
1.01154
1.01171
1.01189
1.01209
1.01231
1.01255
1.0128
1.01307
1.01336
1.01367
1.014
1.01435
1.01473
1.01514
1.01558
1.01606
1.01659
1.01719
1.01788
1.01868
1.0196
1.02066
1.02185
1.02316
1.02456
1.026
1.02741
1.02873
1.02987
1.0104
1.01041
1.01043
1.01046
1.0105
1.01056
1.01063
1.01071
1.01081
1.01092
1.01105
1.0112
1.01136
1.01154
1.01173
1.01195
1.01218
1.01242
1.01269
1.01297
1.01326
1.01358
1.01392
1.01428
1.01466
1.01508
1.01553
1.01603
1.01659
1.01723
1.01796
1.01881
1.01978
1.02086
1.02204
1.02328
1.02455
1.0258
1.02697
1.02803
1.01007
1.01008
1.0101
1.01013
1.01017
1.01023
1.01029
1.01037
1.01047
1.01058
1.01071
1.01085
1.01101
1.01119
1.01138
1.01159
1.01181
1.01205
1.0123
1.01257
1.01286
1.01316
1.01348
1.01382
1.01419
1.01458
1.015
1.01547
1.01599
1.01659
1.01727
1.01805
1.01894
1.01993
1.021
1.02213
1.02328
1.02441
1.02549
1.0265
1.00975
1.00976
1.00977
1.0098
1.00984
1.0099
1.00996
1.01004
1.01013
1.01024
1.01037
1.01051
1.01066
1.01084
1.01102
1.01123
1.01144
1.01168
1.01192
1.01218
1.01246
1.01275
1.01305
1.01338
1.01372
1.01409
1.01448
1.01492
1.01541
1.01596
1.0166
1.01733
1.01816
1.01907
1.02006
1.0211
1.02215
1.0232
1.02422
1.0252
1.00942
1.00943
1.00945
1.00948
1.00952
1.00957
1.00963
1.00971
1.0098
1.0099
1.01003
1.01016
1.01032
1.01049
1.01067
1.01087
1.01108
1.01131
1.01155
1.0118
1.01206
1.01234
1.01263
1.01293
1.01326
1.0136
1.01398
1.01439
1.01485
1.01537
1.01597
1.01665
1.01742
1.01828
1.0192
1.02016
1.02115
1.02215
1.02312
1.02407
1.0091
1.00911
1.00913
1.00916
1.00919
1.00924
1.0093
1.00938
1.00947
1.00957
1.00969
1.00983
1.00998
1.01014
1.01032
1.01052
1.01072
1.01094
1.01117
1.01141
1.01167
1.01193
1.01221
1.0125
1.01281
1.01313
1.01349
1.01387
1.01431
1.0148
1.01536
1.01601
1.01674
1.01754
1.01841
1.01932
1.02026
1.02121
1.02215
1.02309
1.00879
1.00879
1.00881
1.00884
1.00887
1.00892
1.00898
1.00905
1.00914
1.00924
1.00936
1.00949
1.00964
1.0098
1.00998
1.01017
1.01037
1.01058
1.01081
1.01104
1.01128
1.01154
1.0118
1.01208
1.01237
1.01268
1.01301
1.01338
1.01379
1.01426
1.01479
1.01541
1.0161
1.01686
1.01769
1.01856
1.01946
1.02037
1.02129
1.02221
1.00847
1.00848
1.0085
1.00852
1.00855
1.0086
1.00866
1.00873
1.00881
1.00891
1.00903
1.00916
1.00931
1.00947
1.00964
1.00983
1.01002
1.01023
1.01045
1.01067
1.0109
1.01115
1.0114
1.01166
1.01194
1.01224
1.01255
1.0129
1.0133
1.01374
1.01426
1.01484
1.01551
1.01624
1.01703
1.01787
1.01874
1.01962
1.02052
1.02144
1.00817
1.00817
1.00819
1.00821
1.00824
1.00828
1.00834
1.00841
1.00849
1.00859
1.00871
1.00884
1.00898
1.00914
1.00931
1.00949
1.00968
1.00988
1.01009
1.01031
1.01053
1.01077
1.01101
1.01126
1.01153
1.01181
1.01211
1.01245
1.01283
1.01326
1.01375
1.01432
1.01496
1.01567
1.01643
1.01724
1.01808
1.01895
1.01984
1.02074
1.00786
1.00787
1.00788
1.0079
1.00793
1.00797
1.00803
1.0081
1.00818
1.00828
1.00839
1.00852
1.00866
1.00882
1.00898
1.00916
1.00935
1.00954
1.00975
1.00996
1.01017
1.0104
1.01063
1.01087
1.01113
1.0114
1.01169
1.01202
1.01238
1.0128
1.01328
1.01383
1.01445
1.01514
1.01588
1.01667
1.01749
1.01834
1.01921
1.02011
1.00756
1.00757
1.00758
1.0076
1.00763
1.00767
1.00772
1.00779
1.00787
1.00797
1.00808
1.00821
1.00835
1.0085
1.00866
1.00884
1.00902
1.00921
1.00941
1.00961
1.00982
1.01004
1.01026
1.0105
1.01074
1.01101
1.01129
1.01161
1.01196
1.01237
1.01284
1.01338
1.01398
1.01465
1.01538
1.01615
1.01695
1.01779
1.01865
1.01955
1.00727
1.00728
1.00729
1.00731
1.00733
1.00737
1.00742
1.00749
1.00757
1.00766
1.00777
1.0079
1.00804
1.00819
1.00835
1.00852
1.0087
1.00889
1.00908
1.00928
1.00948
1.00969
1.00991
1.01013
1.01037
1.01063
1.01091
1.01122
1.01157
1.01197
1.01243
1.01295
1.01355
1.0142
1.01491
1.01567
1.01646
1.01728
1.01814
1.01903
1.00699
1.00699
1.007
1.00702
1.00704
1.00708
1.00713
1.00719
1.00727
1.00737
1.00748
1.0076
1.00774
1.00789
1.00804
1.00821
1.00839
1.00857
1.00876
1.00895
1.00915
1.00935
1.00956
1.00979
1.01002
1.01027
1.01054
1.01085
1.01119
1.01159
1.01204
1.01256
1.01315
1.01379
1.01449
1.01523
1.01601
1.01683
1.01767
1.01856
1.00671
1.00671
1.00672
1.00674
1.00676
1.0068
1.00684
1.00691
1.00698
1.00708
1.00718
1.00731
1.00744
1.00759
1.00775
1.00791
1.00808
1.00826
1.00845
1.00863
1.00883
1.00903
1.00923
1.00945
1.00968
1.00993
1.01019
1.0105
1.01084
1.01123
1.01168
1.0122
1.01278
1.01341
1.0141
1.01483
1.0156
1.01641
1.01725
1.01814
1.00643
1.00644
1.00645
1.00646
1.00648
1.00652
1.00656
1.00663
1.0067
1.00679
1.0069
1.00702
1.00716
1.0073
1.00746
1.00762
1.00779
1.00796
1.00814
1.00833
1.00852
1.00871
1.00892
1.00913
1.00935
1.0096
1.00987
1.01017
1.01051
1.0109
1.01135
1.01186
1.01243
1.01306
1.01374
1.01446
1.01523
1.01602
1.01686
1.01775
1.00617
1.00617
1.00618
1.00619
1.00622
1.00625
1.00629
1.00635
1.00643
1.00652
1.00662
1.00674
1.00688
1.00702
1.00717
1.00733
1.0075
1.00767
1.00785
1.00803
1.00822
1.00841
1.00861
1.00882
1.00904
1.00929
1.00956
1.00986
1.0102
1.01059
1.01104
1.01155
1.01212
1.01274
1.01341
1.01413
1.01488
1.01567
1.01651
1.01739
1.00591
1.00591
1.00592
1.00593
1.00595
1.00599
1.00603
1.00609
1.00616
1.00625
1.00635
1.00647
1.0066
1.00675
1.0069
1.00706
1.00722
1.00739
1.00756
1.00774
1.00793
1.00812
1.00832
1.00853
1.00875
1.00899
1.00926
1.00957
1.00991
1.01031
1.01076
1.01127
1.01183
1.01245
1.01311
1.01382
1.01457
1.01535
1.01618
1.01706
1.00566
1.00566
1.00567
1.00568
1.0057
1.00573
1.00577
1.00583
1.0059
1.00599
1.00609
1.00621
1.00634
1.00648
1.00663
1.00679
1.00695
1.00712
1.00729
1.00747
1.00765
1.00784
1.00804
1.00825
1.00847
1.00872
1.00899
1.0093
1.00965
1.01004
1.0105
1.011
1.01156
1.01218
1.01283
1.01354
1.01428
1.01506
1.01588
1.01676
1.00542
1.00542
1.00543
1.00544
1.00546
1.00549
1.00553
1.00558
1.00565
1.00574
1.00584
1.00596
1.00608
1.00622
1.00637
1.00653
1.00669
1.00685
1.00703
1.0072
1.00738
1.00757
1.00777
1.00798
1.00821
1.00846
1.00873
1.00904
1.0094
1.0098
1.01025
1.01076
1.01132
1.01193
1.01258
1.01327
1.01401
1.01479
1.01561
1.01649
1.00519
1.00519
1.0052
1.0052
1.00522
1.00525
1.00529
1.00534
1.00541
1.0055
1.0056
1.00571
1.00584
1.00597
1.00612
1.00628
1.00644
1.0066
1.00677
1.00695
1.00713
1.00732
1.00752
1.00773
1.00796
1.00821
1.00849
1.00881
1.00917
1.00958
1.01003
1.01054
1.01109
1.0117
1.01235
1.01303
1.01376
1.01454
1.01536
1.01624
1.00497
1.00497
1.00497
1.00498
1.00499
1.00502
1.00506
1.00511
1.00518
1.00526
1.00536
1.00547
1.0056
1.00573
1.00588
1.00603
1.00619
1.00636
1.00653
1.0067
1.00689
1.00708
1.00728
1.00749
1.00773
1.00799
1.00827
1.0086
1.00896
1.00937
1.00983
1.01033
1.01089
1.01149
1.01213
1.01281
1.01354
1.01431
1.01512
1.016
1.00475
1.00475
1.00475
1.00476
1.00478
1.0048
1.00484
1.00489
1.00495
1.00503
1.00513
1.00524
1.00537
1.0055
1.00565
1.0058
1.00596
1.00613
1.0063
1.00647
1.00666
1.00685
1.00705
1.00727
1.00751
1.00778
1.00807
1.0084
1.00877
1.00918
1.00964
1.01015
1.0107
1.01129
1.01193
1.01261
1.01333
1.01409
1.01491
1.01579
1.00454
1.00454
1.00455
1.00455
1.00457
1.00459
1.00462
1.00467
1.00474
1.00482
1.00491
1.00502
1.00515
1.00528
1.00543
1.00558
1.00574
1.0059
1.00607
1.00625
1.00644
1.00663
1.00684
1.00707
1.00731
1.00758
1.00788
1.00822
1.00859
1.00901
1.00947
1.00997
1.01052
1.01111
1.01175
1.01242
1.01314
1.01389
1.01471
1.01558
1.00435
1.00435
1.00435
1.00435
1.00437
1.00439
1.00442
1.00447
1.00453
1.00461
1.0047
1.00481
1.00494
1.00507
1.00521
1.00537
1.00553
1.00569
1.00587
1.00605
1.00623
1.00643
1.00665
1.00688
1.00713
1.0074
1.00771
1.00805
1.00843
1.00885
1.00931
1.00981
1.01036
1.01095
1.01158
1.01225
1.01295
1.01371
1.01452
1.0154
1.00416
1.00416
1.00416
1.00416
1.00418
1.0042
1.00423
1.00427
1.00434
1.00441
1.0045
1.00461
1.00473
1.00487
1.00501
1.00516
1.00532
1.00549
1.00567
1.00585
1.00604
1.00625
1.00647
1.0067
1.00696
1.00724
1.00755
1.0079
1.00828
1.0087
1.00916
1.00967
1.01021
1.0108
1.01142
1.01208
1.01279
1.01354
1.01434
1.01522
1.00398
1.00398
1.00398
1.00398
1.00399
1.00401
1.00404
1.00409
1.00415
1.00422
1.00431
1.00442
1.00454
1.00467
1.00482
1.00497
1.00513
1.0053
1.00548
1.00567
1.00586
1.00607
1.0063
1.00654
1.0068
1.00709
1.00741
1.00776
1.00814
1.00857
1.00903
1.00953
1.01007
1.01065
1.01127
1.01193
1.01263
1.01337
1.01418
1.01505
1.0038
1.0038
1.0038
1.00381
1.00382
1.00384
1.00387
1.00391
1.00397
1.00404
1.00413
1.00424
1.00436
1.00449
1.00464
1.00479
1.00496
1.00513
1.00531
1.0055
1.0057
1.00591
1.00614
1.00639
1.00666
1.00695
1.00728
1.00763
1.00802
1.00844
1.00891
1.00941
1.00994
1.01052
1.01113
1.01178
1.01247
1.01322
1.01402
1.01489
1.00364
1.00364
1.00364
1.00364
1.00365
1.00367
1.0037
1.00374
1.0038
1.00387
1.00396
1.00407
1.00419
1.00432
1.00447
1.00462
1.00479
1.00496
1.00515
1.00534
1.00555
1.00577
1.006
1.00625
1.00653
1.00683
1.00716
1.00751
1.00791
1.00833
1.00879
1.00929
1.00982
1.01039
1.011
1.01164
1.01233
1.01307
1.01386
1.01474
1.00348
1.00348
1.00348
1.00349
1.0035
1.00352
1.00355
1.00359
1.00364
1.00372
1.0038
1.00391
1.00403
1.00416
1.00431
1.00446
1.00463
1.00481
1.005
1.0052
1.00541
1.00563
1.00587
1.00613
1.00641
1.00672
1.00705
1.00741
1.0078
1.00823
1.00869
1.00918
1.00971
1.01027
1.01087
1.01151
1.01219
1.01292
1.01372
1.01459
1.00333
1.00333
1.00333
1.00334
1.00335
1.00337
1.0034
1.00344
1.00349
1.00357
1.00365
1.00376
1.00388
1.00401
1.00416
1.00432
1.00449
1.00467
1.00486
1.00506
1.00528
1.00551
1.00576
1.00602
1.00631
1.00661
1.00695
1.00731
1.00771
1.00813
1.00859
1.00908
1.0096
1.01016
1.01075
1.01138
1.01205
1.01278
1.01357
1.01445
1.00319
1.00319
1.00319
1.0032
1.00321
1.00323
1.00326
1.0033
1.00335
1.00343
1.00351
1.00362
1.00374
1.00387
1.00402
1.00418
1.00436
1.00454
1.00474
1.00494
1.00516
1.0054
1.00565
1.00592
1.00621
1.00652
1.00686
1.00723
1.00762
1.00804
1.0085
1.00898
1.0095
1.01005
1.01063
1.01126
1.01192
1.01264
1.01343
1.0143
1.00305
1.00305
1.00305
1.00306
1.00307
1.00309
1.00312
1.00317
1.00322
1.0033
1.00338
1.00349
1.00361
1.00375
1.0039
1.00406
1.00423
1.00442
1.00462
1.00483
1.00506
1.0053
1.00556
1.00583
1.00612
1.00644
1.00678
1.00714
1.00754
1.00796
1.00841
1.00889
1.0094
1.00994
1.01052
1.01113
1.01179
1.0125
1.01329
1.01416
1.00292
1.00292
1.00292
1.00293
1.00295
1.00297
1.003
1.00304
1.0031
1.00317
1.00326
1.00337
1.00349
1.00363
1.00378
1.00395
1.00413
1.00432
1.00452
1.00474
1.00497
1.00521
1.00547
1.00575
1.00605
1.00636
1.00671
1.00707
1.00746
1.00788
1.00833
1.0088
1.0093
1.00984
1.0104
1.01101
1.01165
1.01236
1.01314
1.01402
1.00279
1.00279
1.0028
1.00281
1.00282
1.00285
1.00288
1.00293
1.00299
1.00306
1.00315
1.00326
1.00338
1.00352
1.00368
1.00385
1.00403
1.00422
1.00443
1.00465
1.00488
1.00513
1.0054
1.00568
1.00598
1.0063
1.00664
1.007
1.00739
1.00781
1.00825
1.00871
1.00921
1.00973
1.01029
1.01088
1.01152
1.01222
1.013
1.01387
1.00266
1.00267
1.00267
1.00269
1.0027
1.00273
1.00277
1.00282
1.00288
1.00296
1.00305
1.00316
1.00328
1.00343
1.00358
1.00375
1.00394
1.00414
1.00435
1.00457
1.00481
1.00506
1.00533
1.00561
1.00591
1.00623
1.00658
1.00694
1.00733
1.00774
1.00817
1.00863
1.00911
1.00963
1.01017
1.01075
1.01138
1.01207
1.01285
1.01372
1.00254
1.00255
1.00255
1.00257
1.00259
1.00262
1.00266
1.00271
1.00278
1.00286
1.00295
1.00307
1.00319
1.00334
1.0035
1.00367
1.00386
1.00406
1.00428
1.0045
1.00474
1.005
1.00527
1.00555
1.00586
1.00618
1.00652
1.00688
1.00726
1.00767
1.0081
1.00855
1.00902
1.00952
1.01006
1.01063
1.01124
1.01193
1.0127
1.01357
1.00242
1.00243
1.00244
1.00245
1.00248
1.00251
1.00256
1.00261
1.00268
1.00277
1.00287
1.00298
1.00311
1.00326
1.00342
1.0036
1.00379
1.00399
1.00421
1.00444
1.00469
1.00494
1.00522
1.0055
1.00581
1.00613
1.00647
1.00683
1.0072
1.0076
1.00802
1.00846
1.00893
1.00942
1.00994
1.01049
1.0111
1.01178
1.01254
1.01341
1.0023
1.00231
1.00232
1.00234
1.00237
1.00241
1.00246
1.00252
1.00259
1.00268
1.00278
1.0029
1.00304
1.00319
1.00335
1.00353
1.00373
1.00394
1.00416
1.00439
1.00464
1.0049
1.00517
1.00546
1.00576
1.00608
1.00642
1.00677
1.00715
1.00754
1.00795
1.00838
1.00883
1.00931
1.00981
1.01036
1.01095
1.01162
1.01238
1.01325
1.00218
1.00219
1.00221
1.00223
1.00226
1.0023
1.00236
1.00242
1.0025
1.0026
1.00271
1.00283
1.00297
1.00312
1.00329
1.00348
1.00367
1.00388
1.00411
1.00434
1.00459
1.00485
1.00513
1.00542
1.00572
1.00604
1.00637
1.00672
1.00709
1.00748
1.00788
1.0083
1.00874
1.0092
1.00969
1.01022
1.0108
1.01147
1.01222
1.01308
1.00206
1.00207
1.00209
1.00212
1.00215
1.0022
1.00226
1.00233
1.00242
1.00252
1.00263
1.00276
1.0029
1.00306
1.00324
1.00342
1.00362
1.00384
1.00406
1.0043
1.00455
1.00481
1.00509
1.00538
1.00568
1.006
1.00633
1.00668
1.00704
1.00741
1.0078
1.00821
1.00864
1.00908
1.00956
1.01008
1.01065
1.01131
1.01206
1.01291
1.00194
1.00195
1.00197
1.002
1.00204
1.0021
1.00216
1.00224
1.00233
1.00244
1.00256
1.00269
1.00284
1.003
1.00318
1.00337
1.00358
1.00379
1.00402
1.00426
1.00451
1.00478
1.00505
1.00534
1.00565
1.00596
1.00629
1.00663
1.00698
1.00735
1.00773
1.00812
1.00854
1.00897
1.00943
1.00993
1.0105
1.01115
1.01189
1.01275
1.00182
1.00183
1.00185
1.00189
1.00193
1.00199
1.00207
1.00215
1.00225
1.00236
1.00249
1.00263
1.00278
1.00295
1.00313
1.00333
1.00353
1.00375
1.00398
1.00423
1.00448
1.00474
1.00502
1.00531
1.00561
1.00592
1.00624
1.00658
1.00692
1.00728
1.00765
1.00803
1.00843
1.00885
1.0093
1.00979
1.01035
1.01099
1.01173
1.01258
1.00169
1.00171
1.00173
1.00177
1.00182
1.00189
1.00197
1.00206
1.00217
1.00228
1.00242
1.00256
1.00272
1.0029
1.00308
1.00328
1.00349
1.00371
1.00395
1.00419
1.00445
1.00471
1.00499
1.00528
1.00557
1.00588
1.0062
1.00653
1.00686
1.00721
1.00757
1.00794
1.00832
1.00872
1.00916
1.00964
1.0102
1.01083
1.01157
1.01242
1.00156
1.00158
1.00161
1.00165
1.00171
1.00178
1.00187
1.00197
1.00208
1.00221
1.00235
1.0025
1.00267
1.00284
1.00303
1.00324
1.00345
1.00367
1.00391
1.00416
1.00441
1.00468
1.00495
1.00524
1.00553
1.00584
1.00615
1.00647
1.0068
1.00714
1.00748
1.00784
1.00821
1.0086
1.00902
1.0095
1.01005
1.01068
1.01142
1.01226
1.00143
1.00145
1.00148
1.00153
1.00159
1.00167
1.00177
1.00187
1.002
1.00213
1.00228
1.00244
1.00261
1.00279
1.00298
1.00319
1.00341
1.00363
1.00387
1.00412
1.00438
1.00464
1.00492
1.0052
1.00549
1.00579
1.0061
1.00641
1.00673
1.00706
1.00739
1.00774
1.00809
1.00847
1.00889
1.00937
1.00991
1.01054
1.01127
1.01211
1.0013
1.00131
1.00135
1.00141
1.00148
1.00156
1.00167
1.00178
1.00191
1.00205
1.00221
1.00237
1.00255
1.00274
1.00294
1.00314
1.00336
1.00359
1.00383
1.00408
1.00434
1.00461
1.00488
1.00516
1.00545
1.00574
1.00604
1.00635
1.00666
1.00698
1.0073
1.00763
1.00798
1.00835
1.00877
1.00923
1.00978
1.0104
1.01113
1.01197
1.00115
1.00118
1.00122
1.00128
1.00136
1.00145
1.00156
1.00169
1.00183
1.00197
1.00214
1.00231
1.00249
1.00268
1.00289
1.0031
1.00332
1.00355
1.00379
1.00404
1.0043
1.00457
1.00484
1.00512
1.0054
1.00569
1.00599
1.00629
1.00659
1.00689
1.00721
1.00753
1.00787
1.00824
1.00865
1.00911
1.00965
1.01028
1.01101
1.01184
1.00101
1.00104
1.00108
1.00115
1.00124
1.00135
1.00147
1.0016
1.00174
1.0019
1.00207
1.00224
1.00243
1.00263
1.00284
1.00305
1.00328
1.00351
1.00375
1.004
1.00426
1.00452
1.00479
1.00507
1.00535
1.00564
1.00593
1.00622
1.00651
1.00681
1.00711
1.00743
1.00776
1.00813
1.00854
1.009
1.00954
1.01017
1.01089
1.01173
1.00086
1.00089
1.00095
1.00103
1.00113
1.00124
1.00137
1.00151
1.00167
1.00183
1.002
1.00219
1.00238
1.00258
1.00279
1.00301
1.00323
1.00347
1.00371
1.00396
1.00422
1.00448
1.00475
1.00502
1.0053
1.00558
1.00586
1.00615
1.00644
1.00673
1.00703
1.00734
1.00767
1.00803
1.00844
1.0089
1.00944
1.01007
1.01079
1.01163
1.00071
1.00075
1.00081
1.00091
1.00102
1.00114
1.00128
1.00143
1.00159
1.00176
1.00194
1.00213
1.00233
1.00253
1.00274
1.00296
1.00319
1.00343
1.00367
1.00392
1.00418
1.00444
1.00471
1.00498
1.00525
1.00553
1.00581
1.00609
1.00637
1.00665
1.00695
1.00725
1.00758
1.00794
1.00835
1.00882
1.00936
1.00999
1.01071
1.01154
1.00056
1.0006
1.00068
1.00079
1.00092
1.00106
1.00121
1.00136
1.00153
1.00171
1.00189
1.00208
1.00228
1.00249
1.0027
1.00293
1.00315
1.00339
1.00363
1.00388
1.00414
1.0044
1.00466
1.00493
1.0052
1.00548
1.00575
1.00603
1.00631
1.00659
1.00688
1.00718
1.00751
1.00787
1.00828
1.00875
1.00929
1.00992
1.01064
1.01147
1.00041
1.00046
1.00056
1.00069
1.00083
1.00098
1.00114
1.00131
1.00148
1.00166
1.00185
1.00205
1.00225
1.00246
1.00267
1.00289
1.00312
1.00336
1.0036
1.00385
1.00411
1.00437
1.00463
1.0049
1.00517
1.00544
1.00571
1.00598
1.00626
1.00653
1.00682
1.00713
1.00746
1.00782
1.00823
1.0087
1.00924
1.00987
1.01059
1.01142
1.00025
1.00034
1.00047
1.00061
1.00077
1.00093
1.0011
1.00127
1.00145
1.00163
1.00182
1.00202
1.00222
1.00243
1.00265
1.00287
1.0031
1.00334
1.00358
1.00383
1.00408
1.00434
1.00461
1.00487
1.00514
1.00541
1.00567
1.00595
1.00622
1.0065
1.00678
1.00709
1.00742
1.00778
1.00819
1.00866
1.00921
1.00983
1.01056
1.01139
1.00011
1.00025
1.00041
1.00057
1.00073
1.0009
1.00107
1.00125
1.00143
1.00162
1.00181
1.002
1.00221
1.00242
1.00264
1.00286
1.00309
1.00333
1.00357
1.00382
1.00407
1.00433
1.00459
1.00486
1.00512
1.00539
1.00566
1.00593
1.0062
1.00648
1.00676
1.00707
1.0074
1.00776
1.00817
1.00864
1.00919
1.00982
1.01054
1.01137
1.07783
1.0545
1.04396
1.03777
1.03349
1.03028
1.02775
1.02571
1.02405
1.02268
1.02154
1.02058
1.01976
1.01904
1.0184
1.01783
1.01731
1.01684
1.01641
1.01601
1.01564
1.0153
1.01499
1.0147
1.01444
1.01419
1.01397
1.01377
1.01359
1.01343
1.01328
1.01315
1.01304
1.01295
1.01287
1.01281
1.01276
1.01272
1.0127
1.01268
1.05471
1.04743
1.04103
1.03614
1.03239
1.02942
1.02703
1.02508
1.02347
1.02214
1.02103
1.0201
1.0193
1.0186
1.01798
1.01742
1.01692
1.01645
1.01603
1.01564
1.01528
1.01495
1.01464
1.01435
1.01409
1.01385
1.01363
1.01344
1.01326
1.0131
1.01295
1.01283
1.01272
1.01262
1.01254
1.01248
1.01243
1.01239
1.01237
1.01236
1.04475
1.04138
1.0375
1.03392
1.03086
1.02828
1.02611
1.0243
1.02279
1.02152
1.02046
1.01957
1.0188
1.01813
1.01753
1.01699
1.0165
1.01605
1.01564
1.01526
1.01491
1.01458
1.01428
1.014
1.01374
1.01351
1.01329
1.0131
1.01292
1.01276
1.01262
1.01249
1.01239
1.01229
1.01222
1.01215
1.0121
1.01207
1.01204
1.01203
1.03895
1.03688
1.03429
1.03164
1.02918
1.02699
1.02508
1.02343
1.02203
1.02085
1.01985
1.019
1.01827
1.01763
1.01706
1.01654
1.01607
1.01564
1.01524
1.01487
1.01453
1.01421
1.01391
1.01364
1.01339
1.01316
1.01295
1.01275
1.01258
1.01242
1.01228
1.01216
1.01205
1.01196
1.01189
1.01182
1.01178
1.01174
1.01172
1.01171
1.03503
1.03349
1.03158
1.02953
1.02753
1.02567
1.02399
1.02251
1.02123
1.02014
1.01921
1.01841
1.01772
1.01712
1.01658
1.01608
1.01563
1.01522
1.01483
1.01448
1.01414
1.01383
1.01355
1.01328
1.01303
1.0128
1.0126
1.01241
1.01223
1.01208
1.01194
1.01182
1.01172
1.01163
1.01156
1.01149
1.01145
1.01141
1.01139
1.01138
1.03213
1.03085
1.02931
1.02765
1.02598
1.02438
1.0229
1.02158
1.02042
1.01941
1.01855
1.01781
1.01716
1.01659
1.01608
1.01561
1.01519
1.01479
1.01442
1.01407
1.01375
1.01345
1.01317
1.01291
1.01267
1.01245
1.01224
1.01206
1.01189
1.01174
1.0116
1.01149
1.01138
1.0113
1.01122
1.01116
1.01112
1.01108
1.01106
1.01105
1.02987
1.02873
1.02741
1.026
1.02456
1.02316
1.02185
1.02066
1.0196
1.01868
1.01788
1.01719
1.01659
1.01606
1.01558
1.01514
1.01473
1.01435
1.014
1.01367
1.01336
1.01307
1.0128
1.01255
1.01231
1.01209
1.01189
1.01171
1.01154
1.01139
1.01126
1.01115
1.01105
1.01096
1.01089
1.01083
1.01079
1.01076
1.01073
1.01072
1.02803
1.02697
1.0258
1.02455
1.02328
1.02204
1.02086
1.01978
1.01881
1.01796
1.01723
1.01659
1.01603
1.01553
1.01508
1.01466
1.01428
1.01392
1.01358
1.01326
1.01297
1.01269
1.01242
1.01218
1.01195
1.01173
1.01154
1.01136
1.0112
1.01105
1.01092
1.01081
1.01071
1.01063
1.01056
1.0105
1.01046
1.01043
1.01041
1.0104
1.0265
1.02549
1.02441
1.02328
1.02213
1.021
1.01993
1.01894
1.01805
1.01727
1.01659
1.01599
1.01547
1.015
1.01458
1.01419
1.01382
1.01348
1.01316
1.01286
1.01257
1.0123
1.01205
1.01181
1.01159
1.01138
1.01119
1.01101
1.01085
1.01071
1.01058
1.01047
1.01037
1.01029
1.01023
1.01017
1.01013
1.0101
1.01008
1.01007
1.0252
1.02422
1.0232
1.02215
1.0211
1.02006
1.01907
1.01816
1.01733
1.0166
1.01596
1.01541
1.01492
1.01448
1.01409
1.01372
1.01338
1.01305
1.01275
1.01246
1.01218
1.01192
1.01168
1.01144
1.01123
1.01102
1.01084
1.01066
1.01051
1.01037
1.01024
1.01013
1.01004
1.00996
1.0099
1.00984
1.0098
1.00977
1.00976
1.00975
1.02407
1.02312
1.02215
1.02115
1.02016
1.0192
1.01828
1.01742
1.01665
1.01597
1.01537
1.01485
1.01439
1.01398
1.0136
1.01326
1.01293
1.01263
1.01234
1.01206
1.0118
1.01155
1.01131
1.01108
1.01087
1.01067
1.01049
1.01032
1.01016
1.01003
1.0099
1.0098
1.00971
1.00963
1.00957
1.00952
1.00948
1.00945
1.00943
1.00942
1.02309
1.02215
1.02121
1.02026
1.01932
1.01841
1.01754
1.01674
1.01601
1.01536
1.0148
1.01431
1.01387
1.01349
1.01313
1.01281
1.0125
1.01221
1.01193
1.01167
1.01141
1.01117
1.01094
1.01072
1.01052
1.01032
1.01014
1.00998
1.00983
1.00969
1.00957
1.00947
1.00938
1.0093
1.00924
1.00919
1.00916
1.00913
1.00911
1.0091
1.02221
1.02129
1.02037
1.01946
1.01856
1.01769
1.01686
1.0161
1.01541
1.01479
1.01426
1.01379
1.01338
1.01301
1.01268
1.01237
1.01208
1.0118
1.01154
1.01128
1.01104
1.01081
1.01058
1.01037
1.01017
1.00998
1.0098
1.00964
1.00949
1.00936
1.00924
1.00914
1.00905
1.00898
1.00892
1.00887
1.00884
1.00881
1.00879
1.00879
1.02144
1.02052
1.01962
1.01874
1.01787
1.01703
1.01624
1.01551
1.01484
1.01426
1.01374
1.0133
1.0129
1.01255
1.01224
1.01194
1.01166
1.0114
1.01115
1.0109
1.01067
1.01045
1.01023
1.01002
1.00983
1.00964
1.00947
1.00931
1.00916
1.00903
1.00891
1.00881
1.00873
1.00866
1.0086
1.00855
1.00852
1.0085
1.00848
1.00847
1.02074
1.01984
1.01895
1.01808
1.01724
1.01643
1.01567
1.01496
1.01432
1.01375
1.01326
1.01283
1.01245
1.01211
1.01181
1.01153
1.01126
1.01101
1.01077
1.01053
1.01031
1.01009
1.00988
1.00968
1.00949
1.00931
1.00914
1.00898
1.00884
1.00871
1.00859
1.00849
1.00841
1.00834
1.00828
1.00824
1.00821
1.00819
1.00817
1.00817
1.02011
1.01921
1.01834
1.01749
1.01667
1.01588
1.01514
1.01445
1.01383
1.01328
1.0128
1.01238
1.01202
1.01169
1.0114
1.01113
1.01087
1.01063
1.0104
1.01017
1.00996
1.00975
1.00954
1.00935
1.00916
1.00898
1.00882
1.00866
1.00852
1.00839
1.00828
1.00818
1.0081
1.00803
1.00797
1.00793
1.0079
1.00788
1.00787
1.00786
1.01955
1.01865
1.01779
1.01695
1.01615
1.01538
1.01465
1.01398
1.01338
1.01284
1.01237
1.01196
1.01161
1.01129
1.01101
1.01074
1.0105
1.01026
1.01004
1.00982
1.00961
1.00941
1.00921
1.00902
1.00884
1.00866
1.0085
1.00835
1.00821
1.00808
1.00797
1.00787
1.00779
1.00772
1.00767
1.00763
1.0076
1.00758
1.00757
1.00756
1.01903
1.01814
1.01728
1.01646
1.01567
1.01491
1.0142
1.01355
1.01295
1.01243
1.01197
1.01157
1.01122
1.01091
1.01063
1.01037
1.01013
1.00991
1.00969
1.00948
1.00928
1.00908
1.00889
1.0087
1.00852
1.00835
1.00819
1.00804
1.0079
1.00777
1.00766
1.00757
1.00749
1.00742
1.00737
1.00733
1.00731
1.00729
1.00728
1.00727
1.01856
1.01767
1.01683
1.01601
1.01523
1.01449
1.01379
1.01315
1.01256
1.01204
1.01159
1.01119
1.01085
1.01054
1.01027
1.01002
1.00979
1.00956
1.00935
1.00915
1.00895
1.00876
1.00857
1.00839
1.00821
1.00804
1.00789
1.00774
1.0076
1.00748
1.00737
1.00727
1.00719
1.00713
1.00708
1.00704
1.00702
1.007
1.00699
1.00699
1.01814
1.01725
1.01641
1.0156
1.01483
1.0141
1.01341
1.01278
1.0122
1.01168
1.01123
1.01084
1.0105
1.01019
1.00993
1.00968
1.00945
1.00923
1.00903
1.00883
1.00863
1.00845
1.00826
1.00808
1.00791
1.00775
1.00759
1.00744
1.00731
1.00718
1.00708
1.00698
1.00691
1.00684
1.0068
1.00676
1.00674
1.00672
1.00671
1.00671
1.01775
1.01686
1.01602
1.01523
1.01446
1.01374
1.01306
1.01243
1.01186
1.01135
1.0109
1.01051
1.01017
1.00987
1.0096
1.00935
1.00913
1.00892
1.00871
1.00852
1.00833
1.00814
1.00796
1.00779
1.00762
1.00746
1.0073
1.00716
1.00702
1.0069
1.00679
1.0067
1.00663
1.00656
1.00652
1.00648
1.00646
1.00645
1.00644
1.00643
1.01739
1.01651
1.01567
1.01488
1.01413
1.01341
1.01274
1.01212
1.01155
1.01104
1.01059
1.0102
1.00986
1.00956
1.00929
1.00904
1.00882
1.00861
1.00841
1.00822
1.00803
1.00785
1.00767
1.0075
1.00733
1.00717
1.00702
1.00688
1.00674
1.00662
1.00652
1.00643
1.00635
1.00629
1.00625
1.00622
1.00619
1.00618
1.00617
1.00617
1.01706
1.01618
1.01535
1.01457
1.01382
1.01311
1.01245
1.01183
1.01127
1.01076
1.01031
1.00991
1.00957
1.00926
1.00899
1.00875
1.00853
1.00832
1.00812
1.00793
1.00774
1.00756
1.00739
1.00722
1.00706
1.0069
1.00675
1.0066
1.00647
1.00635
1.00625
1.00616
1.00609
1.00603
1.00599
1.00595
1.00593
1.00592
1.00591
1.00591
1.01676
1.01588
1.01506
1.01428
1.01354
1.01283
1.01218
1.01156
1.011
1.0105
1.01004
1.00965
1.0093
1.00899
1.00872
1.00847
1.00825
1.00804
1.00784
1.00765
1.00747
1.00729
1.00712
1.00695
1.00679
1.00663
1.00648
1.00634
1.00621
1.00609
1.00599
1.0059
1.00583
1.00577
1.00573
1.0057
1.00568
1.00567
1.00566
1.00566
1.01649
1.01561
1.01479
1.01401
1.01327
1.01258
1.01193
1.01132
1.01076
1.01025
1.0098
1.0094
1.00904
1.00873
1.00846
1.00821
1.00798
1.00777
1.00757
1.00738
1.0072
1.00703
1.00685
1.00669
1.00653
1.00637
1.00622
1.00608
1.00596
1.00584
1.00574
1.00565
1.00558
1.00553
1.00549
1.00546
1.00544
1.00543
1.00542
1.00542
1.01624
1.01536
1.01454
1.01376
1.01303
1.01235
1.0117
1.01109
1.01054
1.01003
1.00958
1.00917
1.00881
1.00849
1.00821
1.00796
1.00773
1.00752
1.00732
1.00713
1.00695
1.00677
1.0066
1.00644
1.00628
1.00612
1.00597
1.00584
1.00571
1.0056
1.0055
1.00541
1.00534
1.00529
1.00525
1.00522
1.0052
1.0052
1.00519
1.00519
1.016
1.01512
1.01431
1.01354
1.01281
1.01213
1.01149
1.01089
1.01033
1.00983
1.00937
1.00896
1.0086
1.00827
1.00799
1.00773
1.00749
1.00728
1.00708
1.00689
1.0067
1.00653
1.00636
1.00619
1.00603
1.00588
1.00573
1.0056
1.00547
1.00536
1.00526
1.00518
1.00511
1.00506
1.00502
1.00499
1.00498
1.00497
1.00497
1.00497
1.01579
1.01491
1.01409
1.01333
1.01261
1.01193
1.01129
1.0107
1.01015
1.00964
1.00918
1.00877
1.0084
1.00807
1.00778
1.00751
1.00727
1.00705
1.00685
1.00666
1.00647
1.0063
1.00613
1.00596
1.0058
1.00565
1.0055
1.00537
1.00524
1.00513
1.00503
1.00495
1.00489
1.00484
1.0048
1.00478
1.00476
1.00475
1.00475
1.00475
1.01558
1.01471
1.01389
1.01314
1.01242
1.01175
1.01111
1.01052
1.00997
1.00947
1.00901
1.00859
1.00822
1.00788
1.00758
1.00731
1.00707
1.00684
1.00663
1.00644
1.00625
1.00607
1.0059
1.00574
1.00558
1.00543
1.00528
1.00515
1.00502
1.00491
1.00482
1.00474
1.00467
1.00462
1.00459
1.00457
1.00455
1.00455
1.00454
1.00454
1.0154
1.01452
1.01371
1.01295
1.01225
1.01158
1.01095
1.01036
1.00981
1.00931
1.00885
1.00843
1.00805
1.00771
1.0074
1.00713
1.00688
1.00665
1.00643
1.00623
1.00605
1.00587
1.00569
1.00553
1.00537
1.00521
1.00507
1.00494
1.00481
1.0047
1.00461
1.00453
1.00447
1.00442
1.00439
1.00437
1.00435
1.00435
1.00435
1.00435
1.01522
1.01434
1.01354
1.01279
1.01208
1.01142
1.0108
1.01021
1.00967
1.00916
1.0087
1.00828
1.0079
1.00755
1.00724
1.00696
1.0067
1.00647
1.00625
1.00604
1.00585
1.00567
1.00549
1.00532
1.00516
1.00501
1.00487
1.00473
1.00461
1.0045
1.00441
1.00434
1.00427
1.00423
1.0042
1.00418
1.00416
1.00416
1.00416
1.00416
1.01505
1.01418
1.01337
1.01263
1.01193
1.01127
1.01065
1.01007
1.00953
1.00903
1.00857
1.00814
1.00776
1.00741
1.00709
1.0068
1.00654
1.0063
1.00607
1.00586
1.00567
1.00548
1.0053
1.00513
1.00497
1.00482
1.00467
1.00454
1.00442
1.00431
1.00422
1.00415
1.00409
1.00404
1.00401
1.00399
1.00398
1.00398
1.00398
1.00398
1.01489
1.01402
1.01322
1.01247
1.01178
1.01113
1.01052
1.00994
1.00941
1.00891
1.00844
1.00802
1.00763
1.00728
1.00695
1.00666
1.00639
1.00614
1.00591
1.0057
1.0055
1.00531
1.00513
1.00496
1.00479
1.00464
1.00449
1.00436
1.00424
1.00413
1.00404
1.00397
1.00391
1.00387
1.00384
1.00382
1.00381
1.0038
1.0038
1.0038
1.01474
1.01386
1.01307
1.01233
1.01164
1.011
1.01039
1.00982
1.00929
1.00879
1.00833
1.00791
1.00751
1.00716
1.00683
1.00653
1.00625
1.006
1.00577
1.00555
1.00534
1.00515
1.00496
1.00479
1.00462
1.00447
1.00432
1.00419
1.00407
1.00396
1.00387
1.0038
1.00374
1.0037
1.00367
1.00365
1.00364
1.00364
1.00364
1.00364
1.01459
1.01372
1.01292
1.01219
1.01151
1.01087
1.01027
1.00971
1.00918
1.00869
1.00823
1.0078
1.00741
1.00705
1.00672
1.00641
1.00613
1.00587
1.00563
1.00541
1.0052
1.005
1.00481
1.00463
1.00446
1.00431
1.00416
1.00403
1.00391
1.0038
1.00372
1.00364
1.00359
1.00355
1.00352
1.0035
1.00349
1.00348
1.00348
1.00348
1.01445
1.01357
1.01278
1.01205
1.01138
1.01075
1.01016
1.0096
1.00908
1.00859
1.00813
1.00771
1.00731
1.00695
1.00661
1.00631
1.00602
1.00576
1.00551
1.00528
1.00506
1.00486
1.00467
1.00449
1.00432
1.00416
1.00401
1.00388
1.00376
1.00365
1.00357
1.00349
1.00344
1.0034
1.00337
1.00335
1.00334
1.00333
1.00333
1.00333
1.0143
1.01343
1.01264
1.01192
1.01126
1.01063
1.01005
1.0095
1.00898
1.0085
1.00804
1.00762
1.00723
1.00686
1.00652
1.00621
1.00592
1.00565
1.0054
1.00516
1.00494
1.00474
1.00454
1.00436
1.00418
1.00402
1.00387
1.00374
1.00362
1.00351
1.00343
1.00335
1.0033
1.00326
1.00323
1.00321
1.0032
1.00319
1.00319
1.00319
1.01416
1.01329
1.0125
1.01179
1.01113
1.01052
1.00994
1.0094
1.00889
1.00841
1.00796
1.00754
1.00714
1.00678
1.00644
1.00612
1.00583
1.00556
1.0053
1.00506
1.00483
1.00462
1.00442
1.00423
1.00406
1.0039
1.00375
1.00361
1.00349
1.00338
1.0033
1.00322
1.00317
1.00312
1.00309
1.00307
1.00306
1.00305
1.00305
1.00305
1.01402
1.01314
1.01236
1.01165
1.01101
1.0104
1.00984
1.0093
1.0088
1.00833
1.00788
1.00746
1.00707
1.00671
1.00636
1.00605
1.00575
1.00547
1.00521
1.00497
1.00474
1.00452
1.00432
1.00413
1.00395
1.00378
1.00363
1.00349
1.00337
1.00326
1.00317
1.0031
1.00304
1.003
1.00297
1.00295
1.00293
1.00292
1.00292
1.00292
1.01387
1.013
1.01222
1.01152
1.01088
1.01029
1.00973
1.00921
1.00871
1.00825
1.00781
1.00739
1.007
1.00664
1.0063
1.00598
1.00568
1.0054
1.00513
1.00488
1.00465
1.00443
1.00422
1.00403
1.00385
1.00368
1.00352
1.00338
1.00326
1.00315
1.00306
1.00299
1.00293
1.00288
1.00285
1.00282
1.00281
1.0028
1.00279
1.00279
1.01372
1.01285
1.01207
1.01138
1.01075
1.01017
1.00963
1.00911
1.00863
1.00817
1.00774
1.00733
1.00694
1.00658
1.00623
1.00591
1.00561
1.00533
1.00506
1.00481
1.00457
1.00435
1.00414
1.00394
1.00375
1.00358
1.00343
1.00328
1.00316
1.00305
1.00296
1.00288
1.00282
1.00277
1.00273
1.0027
1.00269
1.00267
1.00267
1.00266
1.01357
1.0127
1.01193
1.01124
1.01063
1.01006
1.00952
1.00902
1.00855
1.0081
1.00767
1.00726
1.00688
1.00652
1.00618
1.00586
1.00555
1.00527
1.005
1.00474
1.0045
1.00428
1.00406
1.00386
1.00367
1.0035
1.00334
1.00319
1.00307
1.00295
1.00286
1.00278
1.00271
1.00266
1.00262
1.00259
1.00257
1.00255
1.00255
1.00254
1.01341
1.01254
1.01178
1.0111
1.01049
1.00994
1.00942
1.00893
1.00846
1.00802
1.0076
1.0072
1.00683
1.00647
1.00613
1.00581
1.0055
1.00522
1.00494
1.00469
1.00444
1.00421
1.00399
1.00379
1.0036
1.00342
1.00326
1.00311
1.00298
1.00287
1.00277
1.00268
1.00261
1.00256
1.00251
1.00248
1.00245
1.00244
1.00243
1.00242
1.01325
1.01238
1.01162
1.01095
1.01036
1.00981
1.00931
1.00883
1.00838
1.00795
1.00754
1.00715
1.00677
1.00642
1.00608
1.00576
1.00546
1.00517
1.0049
1.00464
1.00439
1.00416
1.00394
1.00373
1.00353
1.00335
1.00319
1.00304
1.0029
1.00278
1.00268
1.00259
1.00252
1.00246
1.00241
1.00237
1.00234
1.00232
1.00231
1.0023
1.01308
1.01222
1.01147
1.0108
1.01022
1.00969
1.0092
1.00874
1.0083
1.00788
1.00748
1.00709
1.00672
1.00637
1.00604
1.00572
1.00542
1.00513
1.00485
1.00459
1.00434
1.00411
1.00388
1.00367
1.00348
1.00329
1.00312
1.00297
1.00283
1.00271
1.0026
1.0025
1.00242
1.00236
1.0023
1.00226
1.00223
1.00221
1.00219
1.00218
1.01291
1.01206
1.01131
1.01065
1.01008
1.00956
1.00908
1.00864
1.00821
1.0078
1.00741
1.00704
1.00668
1.00633
1.006
1.00568
1.00538
1.00509
1.00481
1.00455
1.0043
1.00406
1.00384
1.00362
1.00342
1.00324
1.00306
1.0029
1.00276
1.00263
1.00252
1.00242
1.00233
1.00226
1.0022
1.00215
1.00212
1.00209
1.00207
1.00206
1.01275
1.01189
1.01115
1.0105
1.00993
1.00943
1.00897
1.00854
1.00812
1.00773
1.00735
1.00698
1.00663
1.00629
1.00596
1.00565
1.00534
1.00505
1.00478
1.00451
1.00426
1.00402
1.00379
1.00358
1.00337
1.00318
1.003
1.00284
1.00269
1.00256
1.00244
1.00233
1.00224
1.00216
1.0021
1.00204
1.002
1.00197
1.00195
1.00194
1.01258
1.01173
1.01099
1.01035
1.00979
1.0093
1.00885
1.00843
1.00803
1.00765
1.00728
1.00692
1.00658
1.00624
1.00592
1.00561
1.00531
1.00502
1.00474
1.00448
1.00423
1.00398
1.00375
1.00353
1.00333
1.00313
1.00295
1.00278
1.00263
1.00249
1.00236
1.00225
1.00215
1.00207
1.00199
1.00193
1.00189
1.00185
1.00183
1.00182
1.01242
1.01157
1.01083
1.0102
1.00964
1.00916
1.00872
1.00832
1.00794
1.00757
1.00721
1.00686
1.00653
1.0062
1.00588
1.00557
1.00528
1.00499
1.00471
1.00445
1.00419
1.00395
1.00371
1.00349
1.00328
1.00308
1.0029
1.00272
1.00256
1.00242
1.00228
1.00217
1.00206
1.00197
1.00189
1.00182
1.00177
1.00173
1.00171
1.00169
1.01226
1.01142
1.01068
1.01005
1.0095
1.00902
1.0086
1.00821
1.00784
1.00748
1.00714
1.0068
1.00647
1.00615
1.00584
1.00553
1.00524
1.00495
1.00468
1.00441
1.00416
1.00391
1.00367
1.00345
1.00324
1.00303
1.00284
1.00267
1.0025
1.00235
1.00221
1.00208
1.00197
1.00187
1.00178
1.00171
1.00165
1.00161
1.00158
1.00156
1.01211
1.01127
1.01054
1.00991
1.00937
1.00889
1.00847
1.00809
1.00774
1.00739
1.00706
1.00673
1.00641
1.0061
1.00579
1.00549
1.0052
1.00492
1.00464
1.00438
1.00412
1.00387
1.00363
1.00341
1.00319
1.00298
1.00279
1.00261
1.00244
1.00228
1.00213
1.002
1.00187
1.00177
1.00167
1.00159
1.00153
1.00148
1.00145
1.00143
1.01197
1.01113
1.0104
1.00978
1.00923
1.00877
1.00835
1.00798
1.00763
1.0073
1.00698
1.00666
1.00635
1.00604
1.00574
1.00545
1.00516
1.00488
1.00461
1.00434
1.00408
1.00383
1.00359
1.00336
1.00314
1.00294
1.00274
1.00255
1.00237
1.00221
1.00205
1.00191
1.00178
1.00167
1.00156
1.00148
1.00141
1.00135
1.00131
1.0013
1.01184
1.01101
1.01028
1.00965
1.00911
1.00865
1.00824
1.00787
1.00753
1.00721
1.00689
1.00659
1.00629
1.00599
1.00569
1.0054
1.00512
1.00484
1.00457
1.0043
1.00404
1.00379
1.00355
1.00332
1.0031
1.00289
1.00268
1.00249
1.00231
1.00214
1.00197
1.00183
1.00169
1.00156
1.00145
1.00136
1.00128
1.00122
1.00118
1.00115
1.01173
1.01089
1.01017
1.00954
1.009
1.00854
1.00813
1.00776
1.00743
1.00711
1.00681
1.00651
1.00622
1.00593
1.00564
1.00535
1.00507
1.00479
1.00452
1.00426
1.004
1.00375
1.00351
1.00328
1.00305
1.00284
1.00263
1.00243
1.00224
1.00207
1.0019
1.00174
1.0016
1.00147
1.00135
1.00124
1.00115
1.00108
1.00104
1.00101
1.01163
1.01079
1.01007
1.00944
1.0089
1.00844
1.00803
1.00767
1.00734
1.00703
1.00673
1.00644
1.00615
1.00586
1.00558
1.0053
1.00502
1.00475
1.00448
1.00422
1.00396
1.00371
1.00347
1.00323
1.00301
1.00279
1.00258
1.00238
1.00219
1.002
1.00183
1.00167
1.00151
1.00137
1.00124
1.00113
1.00103
1.00095
1.00089
1.00086
1.01154
1.01071
1.00999
1.00936
1.00882
1.00835
1.00794
1.00758
1.00725
1.00695
1.00665
1.00637
1.00609
1.00581
1.00553
1.00525
1.00498
1.00471
1.00444
1.00418
1.00392
1.00367
1.00343
1.00319
1.00296
1.00274
1.00253
1.00233
1.00213
1.00194
1.00176
1.00159
1.00143
1.00128
1.00114
1.00102
1.00091
1.00081
1.00075
1.00071
1.01147
1.01064
1.00992
1.00929
1.00875
1.00828
1.00787
1.00751
1.00718
1.00688
1.00659
1.00631
1.00603
1.00575
1.00548
1.0052
1.00493
1.00466
1.0044
1.00414
1.00388
1.00363
1.00339
1.00315
1.00293
1.0027
1.00249
1.00228
1.00208
1.00189
1.00171
1.00153
1.00136
1.00121
1.00106
1.00092
1.00079
1.00068
1.0006
1.00056
1.01142
1.01059
1.00987
1.00924
1.0087
1.00823
1.00782
1.00746
1.00713
1.00682
1.00653
1.00626
1.00598
1.00571
1.00544
1.00517
1.0049
1.00463
1.00437
1.00411
1.00385
1.0036
1.00336
1.00312
1.00289
1.00267
1.00246
1.00225
1.00205
1.00185
1.00166
1.00148
1.00131
1.00114
1.00098
1.00083
1.00069
1.00056
1.00046
1.00041
1.01139
1.01056
1.00983
1.00921
1.00866
1.00819
1.00778
1.00742
1.00709
1.00678
1.0065
1.00622
1.00595
1.00567
1.00541
1.00514
1.00487
1.00461
1.00434
1.00408
1.00383
1.00358
1.00334
1.0031
1.00287
1.00265
1.00243
1.00222
1.00202
1.00182
1.00163
1.00145
1.00127
1.0011
1.00093
1.00077
1.00061
1.00047
1.00034
1.00025
1.01137
1.01054
1.00982
1.00919
1.00864
1.00817
1.00776
1.0074
1.00707
1.00676
1.00648
1.0062
1.00593
1.00566
1.00539
1.00512
1.00486
1.00459
1.00433
1.00407
1.00382
1.00357
1.00333
1.00309
1.00286
1.00264
1.00242
1.00221
1.002
1.00181
1.00162
1.00143
1.00125
1.00107
1.0009
1.00073
1.00057
1.00041
1.00025
1.00011
)
;

boundaryField
{
    insulatedWall
    {
        type            calculated;
        value           uniform 1;
    }
    electrodeHV
    {
        type            calculated;
        value           uniform 1;
    }
    electrodeG
    {
        type            calculated;
        value           uniform 1;
    }
    frontAndBack
    {
        type            empty;
    }
}


// ************************************************************************* //
