/*--------------------------------*- C++ -*----------------------------------*\
  =========                 |
  \\      /  F ield         | OpenFOAM: The Open Source CFD Toolbox
   \\    /   O peration     | Website:  https://openfoam.org
    \\  /    A nd           | Version:  6
     \\/     M anipulation  |
\*---------------------------------------------------------------------------*/
FoamFile
{
    version     2.0;
    format      ascii;
    class       volScalarField;
    location    "20";
    object      fw;
}
// * * * * * * * * * * * * * * * * * * * * * * * * * * * * * * * * * * * * * //

dimensions      [0 0 0 0 0 0 0];

internalField   nonuniform List<scalar> 
8800
(
4.40746
4.40899
4.41154
4.41491
4.41903
4.42388
4.42944
4.43571
4.44268
4.45032
4.45861
4.46754
4.47708
4.4872
4.49788
4.50909
4.52079
4.53296
4.54555
4.55854
4.57189
4.58555
4.59948
4.61364
4.62799
4.64246
4.65702
4.67161
4.68617
4.70064
4.71497
4.72911
4.74299
4.75658
4.7698
4.7826
4.79492
4.8067
4.81786
4.82835
4.23772
4.23902
4.24134
4.24452
4.24846
4.25312
4.2585
4.26456
4.2713
4.27869
4.28673
4.29539
4.30464
4.31447
4.32484
4.33574
4.34712
4.35896
4.37123
4.38389
4.3969
4.41023
4.42384
4.43767
4.4517
4.46585
4.4801
4.49438
4.50864
4.52283
4.53688
4.55075
4.56439
4.57774
4.59074
4.60334
4.61545
4.62704
4.63802
4.64834
4.08977
4.09107
4.09331
4.09636
4.10015
4.10466
4.10986
4.11574
4.12229
4.12948
4.1373
4.14573
4.15475
4.16433
4.17446
4.1851
4.19623
4.20781
4.21983
4.23223
4.245
4.25808
4.27145
4.28506
4.29885
4.3128
4.32684
4.34092
4.35499
4.369
4.3829
4.39664
4.41016
4.4234
4.43631
4.44882
4.46086
4.47238
4.4833
4.49357
3.96125
3.96256
3.96477
3.96775
3.97144
3.97583
3.98089
3.98662
3.99301
4.00003
4.00768
4.01592
4.02476
4.03415
4.04409
4.05455
4.06549
4.0769
4.08874
4.10098
4.11358
4.12652
4.13975
4.15323
4.16691
4.18075
4.19471
4.20872
4.22273
4.2367
4.25058
4.26433
4.27787
4.29115
4.30411
4.31667
4.32877
4.34035
4.35134
4.36168
3.84975
3.85106
3.85326
3.85619
3.85982
3.86412
3.86908
3.8747
3.88096
3.88786
3.89537
3.90349
3.9122
3.92147
3.93128
3.94162
3.95246
3.96377
3.97552
3.98769
4.00024
4.01313
4.02634
4.03981
4.0535
4.06737
4.08137
4.09544
4.10954
4.12362
4.13765
4.15155
4.16527
4.17873
4.19188
4.20463
4.21693
4.2287
4.23989
4.25041
3.75303
3.75433
3.75651
3.75941
3.76299
3.76723
3.77212
3.77766
3.78385
3.79066
3.7981
3.80614
3.81478
3.82399
3.83375
3.84405
3.85487
3.86617
3.87794
3.89014
3.90274
3.91571
3.92901
3.9426
3.95643
3.97047
3.98465
3.99894
4.01328
4.02764
4.04197
4.05618
4.07022
4.08401
4.09748
4.11057
4.12319
4.13529
4.14678
4.15759
3.66903
3.67031
3.67246
3.67533
3.67888
3.68308
3.68793
3.69343
3.69958
3.70636
3.71378
3.7218
3.73043
3.73965
3.74945
3.75979
3.77068
3.78207
3.79395
3.80629
3.81906
3.83223
3.84575
3.85959
3.87371
3.88805
3.90257
3.91722
3.93197
3.94677
3.96153
3.9762
3.9907
4.00495
4.01889
4.03243
4.0455
4.05803
4.06994
4.08116
3.5959
3.59714
3.59926
3.6021
3.60563
3.60982
3.61466
3.62016
3.62631
3.63312
3.64056
3.64863
3.65733
3.66663
3.67653
3.68702
3.69806
3.70964
3.72175
3.73434
3.7474
3.76088
3.77475
3.78898
3.80351
3.8183
3.8333
3.84847
3.86377
3.87913
3.89448
3.90973
3.92482
3.93966
3.95418
3.96829
3.98192
3.99499
4.00742
4.01912
3.53203
3.53322
3.53529
3.53811
3.54163
3.54582
3.55069
3.55622
3.56243
3.56929
3.57682
3.585
3.59383
3.6033
3.61339
3.62409
3.63539
3.64726
3.65969
3.67264
3.68609
3.70001
3.71436
3.72909
3.74417
3.75954
3.77516
3.79099
3.80697
3.82303
3.83907
3.85503
3.87082
3.88636
3.90156
3.91635
3.93063
3.94432
3.95735
3.96963
3.47599
3.47713
3.47915
3.48195
3.48547
3.48969
3.49461
3.50021
3.5065
3.51349
3.52116
3.52951
3.53854
3.54824
3.55859
3.5696
3.58123
3.59348
3.60633
3.61975
3.6337
3.64816
3.66309
3.67845
3.69419
3.71027
3.72663
3.74324
3.76001
3.77686
3.79372
3.81049
3.82708
3.84342
3.8594
3.87494
3.88996
3.90435
3.91805
3.93096
3.42656
3.42764
3.42963
3.43241
3.43595
3.44021
3.4452
3.45091
3.45733
3.46448
3.47234
3.48091
3.4902
3.5002
3.51089
3.52227
3.53433
3.54704
3.5604
3.57436
3.58891
3.60402
3.61964
3.63572
3.65223
3.66912
3.68633
3.70381
3.72147
3.73922
3.75698
3.77465
3.79214
3.80935
3.8262
3.84257
3.85839
3.87356
3.88799
3.90159
3.3827
3.38373
3.38567
3.38845
3.39201
3.39634
3.40143
3.40727
3.41386
3.4212
3.4293
3.43815
3.44776
3.45811
3.4692
3.48102
3.49357
3.50682
3.52075
3.53535
3.55058
3.56641
3.5828
3.59971
3.61708
3.63487
3.65302
3.67146
3.69009
3.70883
3.72757
3.74623
3.76469
3.78286
3.80064
3.81792
3.83461
3.85062
3.86584
3.88019
3.3435
3.34448
3.34639
3.34917
3.35278
3.35719
3.36239
3.36839
3.37518
3.38276
3.39113
3.4003
3.41027
3.42102
3.43257
3.44489
3.45799
3.47183
3.48642
3.50171
3.51769
3.53432
3.55156
3.56936
3.58767
3.60644
3.6256
3.64507
3.66476
3.68456
3.70437
3.72408
3.7436
3.7628
3.78158
3.79984
3.81747
3.83437
3.85045
3.8656
3.30821
3.30914
3.31102
3.31381
3.31747
3.32198
3.32732
3.3335
3.34051
3.34836
3.35704
3.36657
3.37693
3.38813
3.40017
3.41304
3.42673
3.44123
3.45651
3.47257
3.48935
3.50684
3.52499
3.54375
3.56307
3.58288
3.60313
3.6237
3.64451
3.66545
3.6864
3.70725
3.72789
3.74819
3.76806
3.78736
3.806
3.82387
3.84086
3.85687
3.27615
3.27705
3.27891
3.28172
3.28544
3.29006
3.29556
3.30194
3.30919
3.31733
3.32635
3.33625
3.34705
3.35873
3.3713
3.38475
3.39907
3.41426
3.43029
3.44714
3.46479
3.48318
3.5023
3.52207
3.54246
3.56338
3.58477
3.60652
3.62852
3.65066
3.67282
3.69489
3.71673
3.73823
3.75925
3.77969
3.79942
3.81833
3.83631
3.85325
3.24676
3.24764
3.2495
3.25233
3.25613
3.26087
3.26653
3.27312
3.28064
3.28908
3.29845
3.30876
3.32001
3.33219
3.34532
3.35938
3.37437
3.39028
3.40709
3.42478
3.44332
3.46267
3.48279
3.50363
3.52513
3.54722
3.56981
3.5928
3.61606
3.63949
3.66295
3.68631
3.70945
3.73222
3.7545
3.77616
3.79707
3.81712
3.83618
3.85414
3.21957
3.22043
3.22229
3.22517
3.22904
3.23391
3.23975
3.24656
3.25435
3.26311
3.27285
3.28357
3.29529
3.30799
3.32169
3.33639
3.35207
3.36872
3.38634
3.40489
3.42436
3.4447
3.46588
3.48783
3.51049
3.53381
3.55766
3.58195
3.60656
3.63135
3.65619
3.68095
3.70548
3.72964
3.75328
3.77627
3.79847
3.81976
3.84001
3.85909
3.19416
3.19501
3.19688
3.1998
3.20377
3.20877
3.21479
3.22183
3.22989
3.23898
3.24909
3.26024
3.27243
3.28567
3.29996
3.3153
3.33168
3.3491
3.36754
3.38699
3.40741
3.42877
3.45104
3.47415
3.49803
3.52262
3.54781
3.57348
3.5995
3.62575
3.65208
3.67834
3.70437
3.73003
3.75516
3.77962
3.80325
3.82591
3.84747
3.86779
3.17017
3.17102
3.17291
3.17589
3.17994
3.18508
3.19128
3.19855
3.20689
3.21631
3.2268
3.23838
3.25105
3.26483
3.27971
3.2957
3.31279
3.33099
3.35027
3.37063
3.39204
3.41445
3.43784
3.46215
3.48731
3.51323
3.53982
3.56695
3.59448
3.62229
3.65021
3.67809
3.70577
3.73307
3.75984
3.78592
3.81113
3.83533
3.85836
3.88007
3.14728
3.14815
3.15007
3.1531
3.15725
3.16253
3.16892
3.17642
3.18503
3.19477
3.20564
3.21765
3.2308
3.24511
3.26059
3.27723
3.29505
3.31403
3.33417
3.35545
3.37786
3.40136
3.42591
3.45145
3.47794
3.50526
3.53332
3.56199
3.59114
3.62062
3.65027
3.67992
3.70939
3.73851
3.7671
3.79497
3.82197
3.84789
3.87258
3.89586
3.12525
3.12613
3.12809
3.13118
3.13543
3.14084
3.14741
3.15514
3.16403
3.17409
3.18533
3.19776
3.21139
3.22623
3.2423
3.2596
3.27813
3.2979
3.3189
3.34113
3.36455
3.38916
3.4149
3.44174
3.4696
3.49839
3.528
3.55831
3.58919
3.62047
3.65199
3.68357
3.71502
3.74616
3.77678
3.80669
3.83569
3.86358
3.89015
3.91521
3.10383
3.10474
3.10673
3.10989
3.11424
3.11979
3.12654
3.13448
3.14364
3.15401
3.16561
3.17845
3.19255
3.20792
3.22457
3.24252
3.26177
3.28232
3.30419
3.32737
3.35183
3.37756
3.40454
3.4327
3.46199
3.49232
3.52358
3.55564
3.58837
3.6216
3.65517
3.68887
3.72252
3.7559
3.78881
3.82102
3.85231
3.88245
3.91118
3.93828
3.08284
3.08377
3.08581
3.08904
3.09349
3.09917
3.10608
3.11424
3.12365
3.13433
3.14628
3.15952
3.17407
3.18995
3.20717
3.22576
3.24572
3.26706
3.2898
3.31392
3.33944
3.36632
3.39456
3.4241
3.45488
3.48681
3.51981
3.55374
3.58846
3.62381
3.65961
3.69567
3.73176
3.76768
3.80319
3.83803
3.87196
3.90468
3.93591
3.96536
3.0621
3.06306
3.06515
3.06844
3.07299
3.0788
3.08588
3.09424
3.10389
3.11485
3.12714
3.14077
3.15576
3.17213
3.18991
3.20912
3.22978
3.2519
3.2755
3.30058
3.32715
3.35521
3.38473
3.41568
3.44801
3.48164
3.51647
3.55239
3.58926
3.62692
3.66518
3.70384
3.74269
3.78148
3.81995
3.85784
3.89481
3.93054
3.96468
3.99687
3.04147
3.04246
3.0446
3.04796
3.0526
3.05853
3.06576
3.07432
3.0842
3.09543
3.10804
3.12203
3.13744
3.15429
3.17261
3.19243
3.21376
3.23665
3.2611
3.28713
3.31477
3.34401
3.37485
3.40725
3.44118
3.47657
3.51335
3.55139
3.59058
3.63075
3.67173
3.7133
3.75525
3.79731
3.83921
3.88062
3.92117
3.96044
3.99799
4.03339
3.02082
3.02184
3.02403
3.02747
3.03219
3.03824
3.04561
3.05434
3.06444
3.07593
3.08883
3.10317
3.11897
3.13628
3.15511
3.17551
3.19751
3.22114
3.24643
3.27341
3.30211
3.33254
3.36471
3.39859
3.43418
3.47141
3.51023
3.55054
3.59223
3.63514
3.67912
3.72395
3.76941
3.81524
3.86111
3.90666
3.95143
3.99489
4.0365
4.0757
3.00006
3.00111
3.00335
3.00685
3.01166
3.01781
3.02532
3.03421
3.0445
3.05622
3.0694
3.08406
3.10023
3.11797
3.13729
3.15825
3.18088
3.20523
3.23133
3.25925
3.289
3.32061
3.35412
3.38951
3.42679
3.46594
3.50691
3.54963
3.594
3.63991
3.68719
3.73568
3.78514
3.83532
3.88586
3.9363
3.98611
4.03461
4.0811
4.12483
2.97909
2.98017
2.98245
2.98601
2.9909
2.99715
3.00478
3.01381
3.02429
3.03622
3.04964
3.0646
3.08112
3.09925
3.11903
3.14051
3.16374
3.18878
3.21568
3.2445
3.27528
3.30806
3.3429
3.37981
3.41883
3.45995
3.50316
3.54842
3.59567
3.64482
3.69577
3.74837
3.80242
3.85765
3.91368
3.96999
4.02588
4.08051
4.13292
4.18215
2.95784
2.95895
2.96128
2.96489
2.96985
2.97618
2.98392
2.99308
3.00371
3.01583
3.02948
3.0447
3.06153
3.08003
3.10023
3.1222
3.146
3.17169
3.19934
3.22902
3.2608
3.29473
3.33088
3.3693
3.41006
3.45319
3.49872
3.54665
3.59697
3.64965
3.70464
3.76185
3.82115
3.88228
3.94485
4.00824
4.07157
4.13374
4.19348
4.24946
2.93626
2.93739
2.93976
2.94343
2.94844
2.95485
2.96267
2.97195
2.98271
2.995
3.00885
3.0243
3.04141
3.06023
3.08081
3.10323
3.12755
3.15385
3.18221
3.21271
3.24542
3.28045
3.31787
3.35779
3.40028
3.44543
3.49332
3.54402
3.59758
3.65406
3.71349
3.77589
3.84121
3.90926
3.97965
4.05165
4.1242
4.19581
4.26475
4.3292
2.91429
2.91545
2.91785
2.92156
2.92663
2.9331
2.941
2.95037
2.96124
2.97367
2.98768
3.00334
3.02069
3.03979
3.06072
3.08354
3.10833
3.13518
3.16419
3.19543
3.22902
3.26508
3.30371
3.34505
3.38924
3.4364
3.48667
3.5402
3.59715
3.65767
3.72194
3.79014
3.86235
3.93852
4.0183
4.10091
4.185
4.26863
4.34938
4.42462
2.89191
2.89308
2.89552
2.89926
2.90437
2.91089
2.91885
2.92829
2.93925
2.95179
2.96594
2.98177
2.99932
3.01868
3.0399
3.06307
3.08827
3.11561
3.14518
3.17709
3.21147
3.24847
3.28822
3.33091
3.3767
3.4258
3.47842
3.5348
3.59521
3.65998
3.72948
3.80409
3.88415
3.96984
4.06095
4.15669
4.25543
4.35463
4.45089
4.54015
2.86908
2.87027
2.87273
2.8765
2.88165
2.88819
2.8962
2.90569
2.91673
2.92935
2.94361
2.95957
2.97729
2.99685
3.01831
3.04178
3.06733
3.09507
3.12512
3.1576
3.19267
3.23048
3.27123
3.31513
3.36241
3.41332
3.46819
3.52735
3.59125
3.6604
3.73543
3.81705
3.90597
4.00275
4.1075
4.21957
4.33712
4.4569
4.57397
4.682
2.84579
2.847
2.84948
2.85327
2.85843
2.865
2.87303
2.88256
2.89364
2.90633
2.92067
2.93673
2.95458
2.97429
2.99595
3.01964
3.04546
3.07351
3.10394
3.13688
3.1725
3.21099
3.25259
3.29753
3.3461
3.39865
3.45558
3.51738
3.58466
3.6582
3.73896
3.82808
3.92683
4.03637
4.15744
4.28982
4.43175
4.57918
4.72495
4.85916
2.82204
2.82326
2.82575
2.82955
2.83472
2.8413
2.84934
2.85889
2.87
2.88272
2.89712
2.91325
2.93119
2.95101
2.9728
2.99664
3.02263
3.0509
3.08159
3.11485
3.15088
3.18989
3.23213
3.27789
3.32753
3.38146
3.44018
3.50435
3.57477
3.65253
3.739
3.83592
3.94529
4.06923
4.20953
4.36702
4.54064
4.72577
4.91252
5.08528
2.79782
2.79905
2.80154
2.80535
2.81052
2.8171
2.82514
2.83469
2.84581
2.85854
2.87297
2.88914
2.90713
2.927
2.94885
2.97275
2.99883
3.02721
3.05803
3.09147
3.12773
3.16706
3.20972
3.25605
3.30646
3.36143
3.42158
3.48771
3.56086
3.64244
3.73434
3.83898
3.95939
4.09902
4.2614
4.44942
4.66392
4.90097
5.14854
5.38184
2.77315
2.77437
2.77687
2.78067
2.78583
2.7924
2.80043
2.80997
2.82108
2.83382
2.84825
2.86442
2.8824
2.90227
2.9241
2.94799
2.97405
3.00242
3.03324
3.0667
3.10301
3.14243
3.18525
3.23186
3.28268
3.33829
3.3994
3.46694
3.5422
3.62694
3.72358
3.83537
3.96655
4.12239
4.30898
4.53279
4.79885
5.1077
5.44802
5.78446
2.74803
2.74925
2.75174
2.75553
2.76068
2.76723
2.77524
2.78476
2.79585
2.80857
2.82297
2.8391
2.85703
2.87682
2.89857
2.92235
2.9483
2.97653
3.0072
3.04051
3.07667
3.11594
3.15866
3.2052
3.25605
3.31183
3.37332
3.4416
3.51816
3.60508
3.70532
3.82298
3.96367
4.1348
4.34597
4.60901
4.93726
5.34291
5.82667
6.35448
2.72248
2.7237
2.72618
2.72996
2.73508
2.74161
2.74959
2.75909
2.77015
2.78282
2.79715
2.8132
2.83102
2.85068
2.87227
2.89586
2.92158
2.94955
2.97993
3.0129
3.0487
3.08759
3.12989
3.17602
3.22648
3.2819
3.34314
3.41137
3.48822
3.57606
3.67829
3.79976
3.94738
4.13078
4.36351
4.66449
5.06074
5.58868
6.2903
7.19207
2.69654
2.69775
2.70021
2.70397
2.70907
2.71557
2.72352
2.73298
2.74399
2.75659
2.77082
2.78675
2.80441
2.82388
2.84523
2.86854
2.89392
2.9215
2.95143
2.9839
3.01912
3.05737
3.09898
3.14434
3.19396
3.24849
3.30881
3.37612
3.45215
3.53942
3.64161
3.7641
3.91468
4.10469
4.35095
4.67961
5.13491
5.79517
6.80537
8.42949
4.8381
4.84706
4.85516
4.86237
4.86863
4.87391
4.87817
4.88139
4.88354
4.88462
4.88462
4.88354
4.88139
4.87817
4.87391
4.86863
4.86237
4.85516
4.84706
4.8381
4.65794
4.66676
4.67474
4.68184
4.688
4.6932
4.69739
4.70056
4.70268
4.70374
4.70374
4.70268
4.70056
4.69739
4.6932
4.688
4.68184
4.67474
4.66676
4.65794
4.50312
4.5119
4.51985
4.52692
4.53306
4.53824
4.54241
4.54557
4.54768
4.54874
4.54874
4.54768
4.54557
4.54241
4.53824
4.53306
4.52692
4.51985
4.5119
4.50312
4.3713
4.38014
4.38815
4.39527
4.40146
4.40668
4.41089
4.41407
4.4162
4.41727
4.41727
4.4162
4.41407
4.41089
4.40668
4.40146
4.39527
4.38815
4.38014
4.3713
4.2602
4.26921
4.27737
4.28463
4.29095
4.29627
4.30057
4.30382
4.30599
4.30708
4.30708
4.30599
4.30382
4.30057
4.29627
4.29095
4.28463
4.27737
4.26921
4.2602
4.16767
4.17694
4.18535
4.19283
4.19933
4.20482
4.20925
4.2126
4.21485
4.21597
4.21597
4.21485
4.2126
4.20925
4.20482
4.19933
4.19283
4.18535
4.17694
4.16767
4.09161
4.10124
4.10996
4.11773
4.12449
4.1302
4.13481
4.13829
4.14062
4.14179
4.14179
4.14062
4.13829
4.13481
4.1302
4.12449
4.11773
4.10996
4.10124
4.09161
4.03004
4.04009
4.04921
4.05733
4.0644
4.07036
4.07519
4.07883
4.08128
4.0825
4.0825
4.08128
4.07883
4.07519
4.07036
4.0644
4.05733
4.04921
4.04009
4.03004
3.98107
3.99162
4.00118
4.00971
4.01713
4.0234
4.02847
4.0323
4.03487
4.03616
4.03616
4.03487
4.0323
4.02847
4.0234
4.01713
4.00971
4.00118
3.99162
3.98107
3.943
3.95409
3.96416
3.97313
3.98095
3.98755
3.99289
3.99693
3.99964
4.001
4.001
3.99964
3.99693
3.99289
3.98755
3.98095
3.97313
3.96416
3.95409
3.943
3.91428
3.92597
3.93658
3.94604
3.95429
3.96125
3.96688
3.97114
3.974
3.97543
3.97543
3.974
3.97114
3.96688
3.96125
3.95429
3.94604
3.93658
3.92597
3.91428
3.89357
3.9059
3.9171
3.92708
3.93578
3.94313
3.94908
3.95357
3.95659
3.95811
3.95811
3.95659
3.95357
3.94908
3.94313
3.93578
3.92708
3.9171
3.9059
3.89357
3.87973
3.89275
3.90457
3.91511
3.9243
3.93206
3.93834
3.94309
3.94628
3.94788
3.94788
3.94628
3.94309
3.93834
3.93206
3.9243
3.91511
3.90457
3.89275
3.87973
3.87181
3.88557
3.89806
3.9092
3.91891
3.92711
3.93375
3.93876
3.94213
3.94382
3.94382
3.94213
3.93876
3.93375
3.92711
3.91891
3.9092
3.89806
3.88557
3.87181
3.86906
3.88362
3.89683
3.90862
3.91888
3.92756
3.93457
3.93987
3.94343
3.94522
3.94522
3.94343
3.93987
3.93457
3.92756
3.91888
3.90862
3.89683
3.88362
3.86906
3.87089
3.88632
3.90032
3.9128
3.92367
3.93285
3.94027
3.94589
3.94965
3.95153
3.95153
3.94965
3.94589
3.94027
3.93285
3.92367
3.9128
3.90032
3.88632
3.87089
3.87688
3.89326
3.90813
3.92137
3.9329
3.94263
3.95049
3.95643
3.96041
3.96241
3.96241
3.96041
3.95643
3.95049
3.94263
3.9329
3.92137
3.90813
3.89326
3.87688
3.88673
3.90418
3.92
3.93408
3.94633
3.95666
3.965
3.9713
3.97552
3.97764
3.97764
3.97552
3.9713
3.965
3.95666
3.94633
3.93408
3.92
3.90418
3.88673
3.9003
3.91893
3.93581
3.95082
3.96387
3.97485
3.98372
3.99041
3.99488
3.99713
3.99713
3.99488
3.99041
3.98372
3.97485
3.96387
3.95082
3.93581
3.91893
3.9003
3.91755
3.9375
3.95557
3.97162
3.98554
3.99725
4.00668
4.01379
4.01855
4.02093
4.02093
4.01855
4.01379
4.00668
3.99725
3.98554
3.97162
3.95557
3.9375
3.91755
3.93856
3.96001
3.97941
3.99661
4.01151
4.02401
4.03406
4.04163
4.04668
4.04921
4.04921
4.04668
4.04163
4.03406
4.02401
4.01151
3.99661
3.97941
3.96001
3.93856
3.96352
3.98668
4.00758
4.02607
4.04204
4.05541
4.06614
4.07419
4.07956
4.08224
4.08224
4.07956
4.07419
4.06614
4.05541
4.04204
4.02607
4.00758
3.98668
3.96352
3.99277
4.01788
4.04048
4.06041
4.07757
4.09189
4.10333
4.1119
4.1176
4.12045
4.12045
4.1176
4.1119
4.10333
4.09189
4.07757
4.06041
4.04048
4.01788
3.99277
4.02679
4.05413
4.07866
4.1002
4.11867
4.134
4.14621
4.15533
4.16137
4.16439
4.16439
4.16137
4.15533
4.14621
4.134
4.11867
4.1002
4.07866
4.05413
4.02679
4.06622
4.09614
4.12285
4.1462
4.16609
4.18252
4.19552
4.20516
4.21154
4.21471
4.21471
4.21154
4.20516
4.19552
4.18252
4.16609
4.1462
4.12285
4.09614
4.06622
4.11196
4.14485
4.17406
4.1994
4.22082
4.23834
4.2521
4.26224
4.26891
4.27221
4.27221
4.26891
4.26224
4.2521
4.23834
4.22082
4.1994
4.17406
4.14485
4.11196
4.16514
4.20151
4.23354
4.26106
4.28403
4.30261
4.31704
4.32758
4.33446
4.33785
4.33785
4.33446
4.32758
4.31704
4.30261
4.28403
4.26106
4.23354
4.20151
4.16514
4.22732
4.26774
4.30295
4.33274
4.35724
4.37675
4.39167
4.40242
4.40936
4.41277
4.41277
4.40936
4.40242
4.39167
4.37675
4.35724
4.33274
4.30295
4.26774
4.22732
4.30052
4.34569
4.38439
4.41651
4.44237
4.4625
4.47757
4.48823
4.49501
4.4983
4.4983
4.49501
4.48823
4.47757
4.4625
4.44237
4.41651
4.38439
4.34569
4.30052
4.38745
4.43815
4.48064
4.51497
4.54178
4.56199
4.57664
4.5867
4.59294
4.59593
4.59593
4.59294
4.5867
4.57664
4.56199
4.54178
4.51497
4.48064
4.43815
4.38745
4.49175
4.54891
4.59535
4.63146
4.65841
4.67774
4.69104
4.69972
4.70488
4.70727
4.70727
4.70488
4.69972
4.69104
4.67774
4.65841
4.63146
4.59535
4.54891
4.49175
4.61847
4.68314
4.73339
4.77024
4.79583
4.81267
4.82316
4.8293
4.83257
4.83397
4.83397
4.83257
4.8293
4.82316
4.81267
4.79583
4.77024
4.73339
4.68314
4.61847
4.77476
4.84805
4.90123
4.93667
4.95823
4.96999
4.97546
4.97738
4.97767
4.97753
4.97753
4.97767
4.97738
4.97546
4.96999
4.95823
4.93667
4.90123
4.84805
4.77476
4.97127
5.05404
5.10761
5.13735
5.1503
5.15292
5.15018
5.1456
5.14146
5.13908
5.13908
5.14146
5.1456
5.15018
5.15292
5.1503
5.13735
5.10761
5.05404
4.97127
5.22466
5.31656
5.36426
5.38008
5.37678
5.36419
5.34888
5.33489
5.32456
5.31913
5.31913
5.32456
5.33489
5.34888
5.36419
5.37678
5.38008
5.36426
5.31656
5.22466
5.56328
5.65966
5.68679
5.67324
5.64143
5.60511
5.57173
5.54499
5.5266
5.51727
5.51727
5.5266
5.54499
5.57173
5.60511
5.64143
5.67324
5.68679
5.65966
5.56328
6.04222
6.12278
6.09456
6.02348
5.94489
5.87411
5.81667
5.77398
5.74592
5.73205
5.73205
5.74592
5.77398
5.81667
5.87411
5.94489
6.02348
6.09456
6.12278
6.04222
6.79018
6.77105
6.60568
6.4296
6.28073
6.16471
6.07856
6.01804
5.97962
5.96097
5.96097
5.97962
6.01804
6.07856
6.16471
6.28073
6.4296
6.60568
6.77105
6.79018
8.19126
7.69548
7.21352
6.86879
6.62985
6.46385
6.34897
6.27169
6.22392
6.20107
6.20107
6.22392
6.27169
6.34897
6.46385
6.62985
6.86879
7.21352
7.69548
8.19126
11.819
8.87271
7.81387
7.27597
6.95705
6.75277
6.61765
6.52912
6.47523
6.44966
6.44966
6.47523
6.52912
6.61765
6.75277
6.95705
7.27597
7.81387
8.87271
11.819
4.82835
4.81786
4.8067
4.79492
4.7826
4.7698
4.75658
4.74299
4.72911
4.71497
4.70064
4.68617
4.67161
4.65702
4.64246
4.62799
4.61364
4.59948
4.58555
4.57189
4.55854
4.54555
4.53296
4.52079
4.50909
4.49788
4.4872
4.47708
4.46754
4.45861
4.45032
4.44268
4.43571
4.42944
4.42388
4.41903
4.41491
4.41154
4.40899
4.40746
4.64834
4.63802
4.62704
4.61545
4.60334
4.59074
4.57774
4.56439
4.55075
4.53688
4.52283
4.50864
4.49438
4.4801
4.46585
4.4517
4.43767
4.42384
4.41023
4.3969
4.38389
4.37123
4.35896
4.34712
4.33574
4.32484
4.31447
4.30464
4.29539
4.28673
4.27869
4.2713
4.26456
4.2585
4.25312
4.24846
4.24452
4.24134
4.23902
4.23772
4.49357
4.4833
4.47238
4.46086
4.44882
4.43631
4.4234
4.41016
4.39664
4.3829
4.369
4.35499
4.34092
4.32684
4.3128
4.29885
4.28506
4.27145
4.25808
4.245
4.23223
4.21983
4.20781
4.19623
4.1851
4.17446
4.16433
4.15475
4.14573
4.1373
4.12948
4.12229
4.11574
4.10986
4.10466
4.10015
4.09636
4.09331
4.09107
4.08977
4.36168
4.35134
4.34035
4.32877
4.31667
4.30411
4.29115
4.27787
4.26433
4.25058
4.2367
4.22273
4.20872
4.19471
4.18075
4.16691
4.15323
4.13975
4.12652
4.11358
4.10098
4.08874
4.0769
4.06549
4.05455
4.04409
4.03415
4.02476
4.01592
4.00768
4.00003
3.99301
3.98662
3.98089
3.97583
3.97144
3.96775
3.96477
3.96256
3.96125
4.25041
4.23989
4.2287
4.21693
4.20463
4.19188
4.17873
4.16527
4.15155
4.13765
4.12362
4.10954
4.09544
4.08137
4.06737
4.0535
4.03981
4.02634
4.01313
4.00024
3.98769
3.97552
3.96377
3.95246
3.94162
3.93128
3.92147
3.9122
3.90349
3.89537
3.88786
3.88096
3.8747
3.86908
3.86412
3.85982
3.85619
3.85326
3.85106
3.84975
4.15759
4.14678
4.13529
4.12319
4.11057
4.09748
4.08401
4.07022
4.05618
4.04197
4.02764
4.01328
3.99894
3.98465
3.97047
3.95643
3.9426
3.92901
3.91571
3.90274
3.89014
3.87794
3.86617
3.85487
3.84405
3.83375
3.82399
3.81478
3.80614
3.7981
3.79066
3.78385
3.77766
3.77212
3.76723
3.76299
3.75941
3.75651
3.75433
3.75303
4.08116
4.06994
4.05803
4.0455
4.03243
4.01889
4.00495
3.9907
3.9762
3.96153
3.94677
3.93197
3.91722
3.90257
3.88805
3.87371
3.85959
3.84575
3.83223
3.81906
3.80629
3.79395
3.78207
3.77068
3.75979
3.74945
3.73965
3.73043
3.7218
3.71378
3.70636
3.69958
3.69343
3.68793
3.68308
3.67888
3.67533
3.67246
3.67031
3.66903
4.01912
4.00742
3.99499
3.98192
3.96829
3.95418
3.93966
3.92482
3.90973
3.89448
3.87913
3.86377
3.84847
3.8333
3.8183
3.80351
3.78898
3.77475
3.76088
3.7474
3.73434
3.72175
3.70964
3.69806
3.68702
3.67653
3.66663
3.65733
3.64863
3.64056
3.63312
3.62631
3.62016
3.61466
3.60982
3.60563
3.6021
3.59926
3.59714
3.5959
3.96963
3.95735
3.94432
3.93063
3.91635
3.90156
3.88636
3.87082
3.85503
3.83907
3.82303
3.80697
3.79099
3.77516
3.75954
3.74417
3.72909
3.71436
3.70001
3.68609
3.67264
3.65969
3.64726
3.63539
3.62409
3.61339
3.6033
3.59383
3.585
3.57682
3.56929
3.56243
3.55622
3.55069
3.54582
3.54163
3.53811
3.53529
3.53322
3.53203
3.93096
3.91805
3.90435
3.88996
3.87494
3.8594
3.84342
3.82708
3.81049
3.79372
3.77686
3.76001
3.74324
3.72663
3.71027
3.69419
3.67845
3.66309
3.64816
3.6337
3.61975
3.60633
3.59348
3.58123
3.5696
3.55859
3.54824
3.53854
3.52951
3.52116
3.51349
3.5065
3.50021
3.49461
3.48969
3.48547
3.48195
3.47915
3.47713
3.47599
3.90159
3.88799
3.87356
3.85839
3.84257
3.8262
3.80935
3.79214
3.77465
3.75698
3.73922
3.72147
3.70381
3.68633
3.66912
3.65223
3.63572
3.61964
3.60402
3.58891
3.57436
3.5604
3.54704
3.53433
3.52227
3.51089
3.5002
3.4902
3.48091
3.47234
3.46448
3.45733
3.45091
3.4452
3.44021
3.43595
3.43241
3.42963
3.42764
3.42656
3.88019
3.86584
3.85062
3.83461
3.81792
3.80064
3.78286
3.76469
3.74623
3.72757
3.70883
3.69009
3.67146
3.65302
3.63487
3.61708
3.59971
3.5828
3.56641
3.55058
3.53535
3.52075
3.50682
3.49357
3.48102
3.4692
3.45811
3.44776
3.43815
3.4293
3.4212
3.41386
3.40727
3.40143
3.39634
3.39201
3.38845
3.38567
3.38373
3.3827
3.8656
3.85045
3.83437
3.81747
3.79984
3.78158
3.7628
3.7436
3.72408
3.70437
3.68456
3.66476
3.64507
3.6256
3.60644
3.58767
3.56936
3.55156
3.53432
3.51769
3.50171
3.48642
3.47183
3.45799
3.44489
3.43257
3.42102
3.41027
3.4003
3.39113
3.38276
3.37518
3.36839
3.36239
3.35719
3.35278
3.34917
3.34639
3.34448
3.3435
3.85687
3.84086
3.82387
3.806
3.78736
3.76806
3.74819
3.72789
3.70725
3.6864
3.66545
3.64451
3.6237
3.60313
3.58288
3.56307
3.54375
3.52499
3.50684
3.48935
3.47257
3.45651
3.44123
3.42673
3.41304
3.40017
3.38813
3.37693
3.36657
3.35704
3.34836
3.34051
3.3335
3.32732
3.32198
3.31747
3.31381
3.31102
3.30914
3.30821
3.85325
3.83631
3.81833
3.79942
3.77969
3.75925
3.73823
3.71673
3.69489
3.67282
3.65066
3.62852
3.60652
3.58477
3.56338
3.54246
3.52207
3.5023
3.48318
3.46479
3.44714
3.43029
3.41426
3.39907
3.38475
3.3713
3.35873
3.34705
3.33625
3.32635
3.31733
3.30919
3.30194
3.29556
3.29006
3.28544
3.28172
3.27891
3.27705
3.27615
3.85414
3.83618
3.81712
3.79707
3.77616
3.7545
3.73222
3.70945
3.68631
3.66295
3.63949
3.61606
3.5928
3.56981
3.54722
3.52513
3.50363
3.48279
3.46267
3.44332
3.42478
3.40709
3.39028
3.37437
3.35938
3.34532
3.33219
3.32001
3.30876
3.29845
3.28908
3.28064
3.27312
3.26653
3.26087
3.25613
3.25233
3.2495
3.24764
3.24676
3.85909
3.84001
3.81976
3.79847
3.77627
3.75328
3.72964
3.70548
3.68095
3.65619
3.63135
3.60656
3.58195
3.55766
3.53381
3.51049
3.48783
3.46588
3.4447
3.42436
3.40489
3.38634
3.36872
3.35207
3.33639
3.32169
3.30799
3.29529
3.28357
3.27285
3.26311
3.25435
3.24656
3.23975
3.23391
3.22904
3.22517
3.22229
3.22043
3.21957
3.86779
3.84747
3.82591
3.80325
3.77962
3.75516
3.73003
3.70437
3.67834
3.65208
3.62575
3.5995
3.57348
3.54781
3.52262
3.49803
3.47415
3.45104
3.42877
3.40741
3.38699
3.36754
3.3491
3.33168
3.3153
3.29996
3.28567
3.27243
3.26024
3.24909
3.23898
3.22989
3.22183
3.21479
3.20877
3.20377
3.1998
3.19688
3.19501
3.19416
3.88007
3.85836
3.83533
3.81113
3.78592
3.75984
3.73307
3.70577
3.67809
3.65021
3.62229
3.59448
3.56695
3.53982
3.51323
3.48731
3.46215
3.43784
3.41445
3.39204
3.37063
3.35027
3.33099
3.31279
3.2957
3.27971
3.26483
3.25105
3.23838
3.2268
3.21631
3.20689
3.19855
3.19128
3.18508
3.17994
3.17589
3.17291
3.17102
3.17017
3.89586
3.87258
3.84789
3.82197
3.79497
3.7671
3.73851
3.70939
3.67992
3.65027
3.62062
3.59114
3.56199
3.53332
3.50526
3.47794
3.45145
3.42591
3.40136
3.37786
3.35545
3.33417
3.31403
3.29505
3.27723
3.26059
3.24511
3.2308
3.21765
3.20564
3.19477
3.18503
3.17642
3.16892
3.16253
3.15725
3.1531
3.15007
3.14815
3.14728
3.91521
3.89015
3.86358
3.83569
3.80669
3.77678
3.74616
3.71502
3.68357
3.65199
3.62047
3.58919
3.55831
3.528
3.49839
3.4696
3.44174
3.4149
3.38916
3.36455
3.34112
3.3189
3.2979
3.27813
3.2596
3.2423
3.22623
3.21139
3.19776
3.18533
3.17409
3.16403
3.15514
3.14741
3.14084
3.13543
3.13118
3.12809
3.12613
3.12525
3.93828
3.91118
3.88245
3.85231
3.82102
3.78881
3.7559
3.72252
3.68887
3.65517
3.6216
3.58837
3.55564
3.52358
3.49232
3.46199
3.4327
3.40454
3.37756
3.35183
3.32737
3.30419
3.28232
3.26177
3.24252
3.22457
3.20792
3.19255
3.17845
3.16561
3.15401
3.14364
3.13448
3.12654
3.11979
3.11424
3.10989
3.10673
3.10474
3.10383
3.96536
3.93591
3.90468
3.87196
3.83803
3.80319
3.76768
3.73176
3.69567
3.65961
3.62381
3.58846
3.55374
3.51981
3.48681
3.45488
3.4241
3.39456
3.36632
3.33944
3.31392
3.2898
3.26706
3.24572
3.22576
3.20717
3.18995
3.17407
3.15952
3.14628
3.13433
3.12365
3.11424
3.10608
3.09917
3.09349
3.08904
3.08581
3.08377
3.08284
3.99687
3.96468
3.93054
3.89481
3.85784
3.81995
3.78148
3.74269
3.70384
3.66518
3.62692
3.58926
3.55239
3.51647
3.48164
3.44801
3.41568
3.38473
3.35521
3.32715
3.30058
3.2755
3.2519
3.22978
3.20912
3.18991
3.17213
3.15576
3.14077
3.12714
3.11485
3.10389
3.09424
3.08588
3.0788
3.07299
3.06844
3.06515
3.06306
3.0621
4.03339
3.99799
3.96044
3.92117
3.88062
3.83921
3.79731
3.75525
3.7133
3.67173
3.63075
3.59058
3.55139
3.51335
3.47657
3.44118
3.40725
3.37485
3.34401
3.31477
3.28713
3.2611
3.23665
3.21376
3.19243
3.17261
3.15429
3.13744
3.12203
3.10804
3.09543
3.0842
3.07432
3.06576
3.05853
3.0526
3.04796
3.04459
3.04246
3.04147
4.0757
4.0365
3.99489
3.95143
3.90666
3.86111
3.81524
3.76941
3.72395
3.67912
3.63514
3.59223
3.55054
3.51023
3.47141
3.43418
3.39859
3.36471
3.33254
3.30211
3.27341
3.24643
3.22114
3.19751
3.17551
3.15511
3.13628
3.11897
3.10317
3.08883
3.07593
3.06444
3.05434
3.04561
3.03824
3.03219
3.02747
3.02403
3.02184
3.02082
4.12483
4.08109
4.03461
3.98611
3.9363
3.88586
3.83532
3.78514
3.73568
3.68719
3.63991
3.594
3.54963
3.50691
3.46594
3.42679
3.38951
3.35412
3.32061
3.289
3.25925
3.23133
3.20523
3.18088
3.15825
3.13729
3.11797
3.10023
3.08406
3.0694
3.05622
3.0445
3.03421
3.02532
3.01781
3.01166
3.00685
3.00335
3.00111
3.00006
4.18215
4.13292
4.08051
4.02588
3.96999
3.91368
3.85765
3.80242
3.74837
3.69577
3.64482
3.59567
3.54842
3.50316
3.45995
3.41883
3.37981
3.3429
3.30806
3.27528
3.2445
3.21568
3.18878
3.16374
3.14051
3.11903
3.09925
3.08112
3.0646
3.04964
3.03622
3.02429
3.01381
3.00478
2.99715
2.9909
2.98601
2.98245
2.98017
2.97909
4.24946
4.19348
4.13374
4.07157
4.00824
3.94485
3.88228
3.82115
3.76185
3.70464
3.64965
3.59696
3.54665
3.49872
3.45319
3.41006
3.3693
3.33088
3.29473
3.2608
3.22902
3.19934
3.17169
3.146
3.1222
3.10023
3.08003
3.06153
3.0447
3.02948
3.01583
3.00371
2.99308
2.98392
2.97618
2.96985
2.96489
2.96128
2.95895
2.95784
4.3292
4.26475
4.19581
4.1242
4.05165
3.97965
3.90926
3.84121
3.77589
3.71349
3.65406
3.59758
3.54402
3.49332
3.44543
3.40028
3.35779
3.31787
3.28045
3.24542
3.21271
3.18221
3.15385
3.12755
3.10323
3.08081
3.06023
3.04141
3.0243
3.00885
2.995
2.98271
2.97195
2.96267
2.95485
2.94844
2.94343
2.93976
2.93739
2.93626
4.42462
4.34938
4.26863
4.185
4.10091
4.0183
3.93852
3.86235
3.79013
3.72194
3.65767
3.59715
3.5402
3.48667
3.4364
3.38924
3.34505
3.30371
3.26508
3.22902
3.19543
3.16419
3.13518
3.10833
3.08354
3.06072
3.03979
3.02069
3.00334
2.98768
2.97367
2.96124
2.95037
2.941
2.9331
2.92663
2.92156
2.91785
2.91545
2.91429
4.54015
4.45089
4.35463
4.25543
4.15669
4.06095
3.96984
3.88415
3.80409
3.72948
3.65998
3.59521
3.5348
3.47842
3.4258
3.3767
3.33091
3.28822
3.24847
3.21147
3.17709
3.14518
3.11561
3.08827
3.06307
3.0399
3.01868
2.99932
2.98177
2.96594
2.95179
2.93925
2.92829
2.91885
2.91089
2.90437
2.89926
2.89552
2.89308
2.89191
4.682
4.57397
4.4569
4.33712
4.21957
4.1075
4.00275
3.90597
3.81705
3.73543
3.6604
3.59125
3.52735
3.46819
3.41332
3.36241
3.31513
3.27123
3.23048
3.19267
3.1576
3.12512
3.09507
3.06733
3.04178
3.01831
2.99685
2.97729
2.95957
2.94361
2.92935
2.91673
2.90569
2.8962
2.88819
2.88165
2.8765
2.87273
2.87027
2.86908
4.85916
4.72495
4.57918
4.43175
4.28982
4.15744
4.03637
3.92683
3.82808
3.73896
3.6582
3.58466
3.51738
3.45558
3.39865
3.3461
3.29753
3.25259
3.21099
3.1725
3.13688
3.10394
3.07351
3.04546
3.01964
2.99595
2.97429
2.95458
2.93673
2.92067
2.90633
2.89364
2.88256
2.87303
2.865
2.85843
2.85327
2.84948
2.847
2.84579
5.08528
4.91252
4.72577
4.54064
4.36702
4.20953
4.06923
3.94529
3.83592
3.739
3.65253
3.57477
3.50435
3.44018
3.38146
3.32753
3.27789
3.23213
3.18989
3.15088
3.11485
3.08159
3.0509
3.02263
2.99664
2.9728
2.95101
2.93119
2.91325
2.89712
2.88272
2.87
2.85889
2.84934
2.8413
2.83472
2.82955
2.82575
2.82326
2.82204
5.38184
5.14854
4.90097
4.66392
4.44942
4.2614
4.09902
3.95939
3.83898
3.73434
3.64244
3.56086
3.48771
3.42158
3.36143
3.30646
3.25605
3.20972
3.16706
3.12773
3.09147
3.05803
3.02721
2.99883
2.97275
2.94885
2.927
2.90713
2.88914
2.87297
2.85854
2.84581
2.83469
2.82514
2.8171
2.81052
2.80535
2.80154
2.79905
2.79782
5.78446
5.44802
5.1077
4.79885
4.53279
4.30898
4.12239
3.96655
3.83537
3.72358
3.62694
3.5422
3.46694
3.3994
3.33829
3.28268
3.23186
3.18525
3.14243
3.10301
3.0667
3.03324
3.00242
2.97405
2.94799
2.9241
2.90227
2.8824
2.86442
2.84825
2.83382
2.82108
2.80997
2.80043
2.7924
2.78583
2.78067
2.77687
2.77437
2.77315
6.35448
5.82667
5.34291
4.93726
4.60901
4.34597
4.1348
3.96367
3.82298
3.70532
3.60508
3.51816
3.4416
3.37332
3.31183
3.25605
3.2052
3.15866
3.11594
3.07667
3.04051
3.0072
2.97653
2.9483
2.92235
2.89857
2.87682
2.85703
2.8391
2.82297
2.80857
2.79585
2.78476
2.77524
2.76723
2.76068
2.75553
2.75174
2.74925
2.74803
7.19207
6.2903
5.58868
5.06074
4.66449
4.36351
4.13078
3.94738
3.79976
3.67829
3.57606
3.48822
3.41137
3.34314
3.2819
3.22648
3.17602
3.12989
3.08759
3.0487
3.0129
2.97993
2.94955
2.92158
2.89586
2.87227
2.85068
2.83102
2.8132
2.79715
2.78282
2.77015
2.75909
2.74959
2.74161
2.73508
2.72996
2.72618
2.7237
2.72248
8.42949
6.80537
5.79517
5.13491
4.67961
4.35095
4.10469
3.91468
3.7641
3.64161
3.53942
3.45215
3.37612
3.30881
3.24849
3.19396
3.14434
3.09898
3.05737
3.01912
2.9839
2.95143
2.9215
2.89392
2.86854
2.84523
2.82388
2.80441
2.78675
2.77082
2.75659
2.74399
2.73298
2.72352
2.71557
2.70907
2.70397
2.70021
2.69775
2.69654
2.67022
2.67142
2.67387
2.6776
2.68268
2.68915
2.69706
2.70647
2.7174
2.7299
2.74401
2.75977
2.77723
2.79644
2.81747
2.8404
2.86534
2.89241
2.92175
2.95353
2.98799
3.02536
3.06598
3.11022
3.15858
3.21169
3.27041
3.33593
3.40999
3.49511
3.59505
3.71532
3.86392
4.05261
4.29906
4.63221
5.1065
5.8442
7.20565
10.6737
2.64355
2.64475
2.64717
2.65089
2.65593
2.66237
2.67024
2.67958
2.69042
2.7028
2.71675
2.7323
2.7495
2.76839
2.78903
2.8115
2.83589
2.86232
2.89093
2.92188
2.95537
2.99165
3.03101
3.07381
3.12052
3.17173
3.22823
3.29115
3.36215
3.44365
3.53923
3.65411
3.79578
3.9748
4.20626
4.51262
4.92934
5.51206
6.33451
7.35988
2.61657
2.61776
2.62017
2.62386
2.62888
2.63527
2.64308
2.65235
2.66308
2.67532
2.68907
2.70438
2.72126
2.73976
2.75994
2.78186
2.80562
2.8313
2.85905
2.88902
2.92138
2.95637
2.99424
3.03533
3.08005
3.12892
3.18267
3.24233
3.30937
3.38603
3.47553
3.58255
3.71352
3.87701
4.08411
4.34888
4.68791
5.11501
5.62123
6.11638
2.58932
2.59049
2.59288
2.59655
2.60153
2.60789
2.61564
2.62481
2.63542
2.64748
2.66101
2.67602
2.69254
2.71059
2.73024
2.75154
2.77457
2.79941
2.8262
2.85505
2.88615
2.91968
2.95588
2.99503
3.03748
3.0837
3.1343
3.19017
3.25262
3.32358
3.4059
3.50355
3.62182
3.76729
3.94755
4.17051
4.44225
4.76176
5.11006
5.43527
2.56182
2.56298
2.56535
2.56899
2.57394
2.58025
2.58793
2.597
2.60746
2.61932
2.63259
2.64726
2.66336
2.68092
2.69997
2.72058
2.7428
2.76673
2.79246
2.82011
2.84983
2.88178
2.91615
2.95319
2.99319
3.03653
3.08371
3.13549
3.19296
3.25781
3.33244
3.4202
3.52538
3.65299
3.80828
3.99569
4.21695
4.46792
4.73422
4.98885
2.5341
2.53525
2.53761
2.54122
2.54614
2.5524
2.56
2.56895
2.57924
2.59087
2.60383
2.61813
2.63377
2.65077
2.66918
2.68904
2.7104
2.73335
2.75795
2.78433
2.81259
2.84286
2.87532
2.91015
2.94758
2.98791
3.03155
3.0791
3.1315
3.19015
3.25711
3.33523
3.42802
3.53947
3.67346
3.83282
4.01801
4.22541
4.44585
4.66508
2.50621
2.50735
2.50969
2.51328
2.51816
2.52436
2.53187
2.54069
2.55079
2.56215
2.57478
2.58865
2.60378
2.6202
2.63792
2.65698
2.67744
2.69935
2.72279
2.74784
2.77459
2.80315
2.83365
2.86622
2.90104
2.93834
2.97842
3.02179
3.0692
3.12186
3.18157
3.25076
3.33245
3.43003
3.54667
3.68461
3.84424
4.02318
4.21595
4.41468
2.47816
2.47929
2.48162
2.48519
2.49004
2.49617
2.50358
2.51224
2.52211
2.53318
2.54543
2.55885
2.57344
2.58923
2.60622
2.62446
2.64399
2.66484
2.68709
2.71079
2.73602
2.76286
2.79138
2.82171
2.85395
2.88826
2.92489
2.96423
3.00691
3.054
3.10707
3.16829
3.24039
3.32642
3.42925
3.551
3.69233
3.85202
4.02687
4.21235
2.44999
2.45112
2.45343
2.45698
2.46179
2.46785
2.47514
2.48362
2.49324
2.50398
2.51582
2.52876
2.54278
2.55791
2.57416
2.59155
2.61013
2.62993
2.65098
2.67334
2.69706
2.72218
2.74878
2.7769
2.80664
2.8381
2.87144
2.907
2.94532
2.98733
3.03449
3.08878
3.15278
3.22937
3.32132
3.43078
3.5588
3.70496
3.86749
4.04364
2.42174
2.42285
2.42516
2.42868
2.43345
2.43943
2.44657
2.45484
2.46418
2.47456
2.48597
2.49839
2.51182
2.52628
2.54178
2.55833
2.57596
2.5947
2.61458
2.63562
2.65786
2.68133
2.70605
2.73208
2.75943
2.78819
2.81848
2.85056
2.88492
2.92242
2.9644
3.01279
3.07005
3.13899
3.22238
3.32246
3.44058
3.57691
3.7305
3.89963
2.39341
2.39452
2.39681
2.40032
2.40503
2.41091
2.41789
2.42592
2.43495
2.44495
2.45589
2.46778
2.48062
2.4944
2.50914
2.52486
2.54157
2.55928
2.57801
2.59777
2.61859
2.64047
2.66342
2.68746
2.71258
2.73884
2.76632
2.79525
2.82609
2.85963
2.89716
2.94056
2.99226
3.05505
3.13168
3.22453
3.33514
3.4641
3.6109
3.7745
2.36503
2.36614
2.36843
2.37191
2.37655
2.3823
2.38909
2.39686
2.40555
2.41514
2.42562
2.43697
2.4492
2.46232
2.47633
2.49123
2.50704
2.52376
2.54139
2.55994
2.5794
2.59978
2.62106
2.64324
2.66631
2.69027
2.71522
2.74134
2.76907
2.79917
2.83291
2.87216
2.91931
2.97714
3.04844
3.13563
3.24048
3.36374
3.50518
3.66424
2.33664
2.33774
2.34001
2.34346
2.34802
2.35362
2.3602
2.36767
2.37601
2.38518
2.39518
2.40599
2.41763
2.4301
2.44339
2.45751
2.47246
2.48824
2.50483
2.52223
2.54042
2.5594
2.57913
2.5996
2.62078
2.64267
2.66535
2.689
2.71401
2.74116
2.77171
2.80751
2.85095
2.9048
2.97186
3.05463
3.15498
3.27371
3.41077
3.566
2.30823
2.30933
2.31159
2.31499
2.31945
2.32488
2.33121
2.33838
2.34634
2.35508
2.3646
2.37489
2.38596
2.3978
2.41042
2.4238
2.43794
2.45282
2.46844
2.48476
2.50178
2.51946
2.53777
2.55667
2.57614
2.59618
2.61685
2.63831
2.66099
2.68563
2.71351
2.74647
2.7869
2.83756
2.90127
2.98056
3.07734
3.19238
3.32578
3.47769
2.27983
2.28094
2.28317
2.28651
2.29084
2.29608
2.30215
2.30899
2.31657
2.32489
2.33394
2.34373
2.35425
2.3655
2.37747
2.39016
2.40354
2.4176
2.43231
2.44764
2.46357
2.48006
2.49707
2.51456
2.5325
2.55089
2.56978
2.58935
2.61002
2.63255
2.65822
2.68886
2.72687
2.77499
2.83604
2.91261
3.00652
3.11847
3.24874
3.39773
2.25147
2.25256
2.25477
2.25802
2.26221
2.26724
2.27302
2.27953
2.28674
2.29464
2.30324
2.31255
2.32256
2.33326
2.34464
2.35668
2.36937
2.38266
2.39654
2.41096
2.42589
2.4413
2.45713
2.47335
2.48992
2.50686
2.5242
2.54214
2.56109
2.58186
2.60571
2.63449
2.67057
2.71668
2.77565
2.85009
2.94166
3.05098
3.17852
3.32492
2.22314
2.22423
2.2264
2.22955
2.23357
2.23837
2.24387
2.25004
2.25688
2.26439
2.27257
2.28142
2.29095
2.30114
2.31198
2.32344
2.33548
2.34807
2.36119
2.37478
2.38881
2.40324
2.41801
2.4331
2.44847
2.46412
2.48011
2.49665
2.51417
2.53348
2.55586
2.58315
2.61771
2.66227
2.71967
2.79245
2.88206
2.98911
3.11425
3.25829
2.19488
2.19595
2.19807
2.20111
2.20495
2.2095
2.21471
2.22055
2.22704
2.23417
2.24196
2.2504
2.2595
2.26923
2.27957
2.29048
2.30195
2.31391
2.32633
2.33917
2.35239
2.36593
2.37977
2.39385
2.40815
2.42269
2.43752
2.45287
2.4692
2.48731
2.50852
2.53464
2.56805
2.61145
2.66772
2.7392
2.82713
2.93221
3.0552
3.1971
2.16669
2.16775
2.1698
2.17271
2.17635
2.18066
2.18558
2.19112
2.19728
2.20406
2.21149
2.21955
2.22825
2.23756
2.24746
2.25789
2.26883
2.28022
2.29202
2.30419
2.31667
2.32944
2.34243
2.35562
2.369
2.38257
2.39641
2.41076
2.4261
2.44326
2.46355
2.4888
2.52136
2.56397
2.61946
2.68991
2.77641
2.87975
3.00078
3.14071
2.1386
2.13964
2.14161
2.14437
2.14782
2.15188
2.15654
2.16178
2.16763
2.1741
2.1812
2.18893
2.19727
2.20621
2.2157
2.22571
2.23617
2.24706
2.2583
2.26987
2.2817
2.29377
2.30602
2.31844
2.331
2.34374
2.35674
2.37026
2.3848
2.40122
2.42082
2.44545
2.47745
2.51961
2.57461
2.64422
2.72949
2.83126
2.95051
3.08862
2.11063
2.11164
2.11352
2.11614
2.11939
2.12322
2.12762
2.13259
2.13816
2.14434
2.15115
2.15858
2.16661
2.17521
2.18435
2.19397
2.20402
2.21445
2.22521
2.23623
2.24749
2.25894
2.27055
2.28229
2.29416
2.30618
2.31848
2.33132
2.34524
2.36109
2.38021
2.40445
2.43619
2.47821
2.5329
2.60182
2.68602
2.78638
2.90399
3.04039
2.08281
2.08377
2.08556
2.08803
2.09109
2.0947
2.09886
2.10359
2.1089
2.11483
2.12138
2.12854
2.1363
2.14462
2.15344
2.16273
2.17241
2.18244
2.19276
2.20331
2.21407
2.22498
2.23602
2.24717
2.25844
2.26987
2.28158
2.29389
2.30732
2.32278
2.34161
2.3657
2.39747
2.43957
2.49409
2.56245
2.6457
2.74478
2.86086
2.99568
2.05515
2.05607
2.05776
2.06009
2.06297
2.06637
2.07032
2.07482
2.07991
2.08562
2.09194
2.09887
2.10639
2.11445
2.12301
2.132
2.14136
2.15104
2.16098
2.17112
2.18143
2.19188
2.20243
2.21308
2.22384
2.23476
2.24601
2.2579
2.27099
2.28622
2.30495
2.32913
2.3612
2.40352
2.45797
2.52588
2.60829
2.70618
2.82082
2.95415
2.02769
2.02857
2.03016
2.03234
2.03505
2.03827
2.04202
2.04633
2.05123
2.05673
2.06286
2.06959
2.0769
2.08475
2.09307
2.10181
2.1109
2.12027
2.12988
2.13966
2.14959
2.15963
2.16976
2.17999
2.19032
2.20084
2.21172
2.22331
2.2362
2.25134
2.27018
2.29472
2.32725
2.36989
2.42435
2.49189
2.57355
2.67032
2.78362
2.91553
2.00045
2.00128
2.00278
2.00483
2.00739
2.01045
2.01402
2.01816
2.02288
2.02822
2.03417
2.04074
2.04787
2.05553
2.06365
2.07217
2.08103
2.09014
2.09946
2.10895
2.11855
2.12824
2.13802
2.14789
2.15787
2.16807
2.17868
2.19008
2.20289
2.21813
2.23732
2.26241
2.29551
2.33853
2.39306
2.46031
2.54127
2.637
2.749
2.87957
1.97346
1.97425
1.97566
1.9776
1.98001
1.98292
1.98635
1.99033
1.99491
2.0001
2.00592
2.01233
2.01932
2.02682
2.03478
2.04312
2.05177
2.06066
2.06975
2.07897
2.08829
2.0977
2.10719
2.11676
2.12647
2.13643
2.14687
2.15819
2.17107
2.18662
2.20635
2.23211
2.26584
2.30931
2.36397
2.43096
2.51126
2.60599
2.71676
2.84605
1.94676
1.9475
1.94883
1.95066
1.95296
1.95574
1.95903
1.96289
1.96734
1.97241
1.97811
1.9844
1.99127
1.99864
2.00645
2.01464
2.02313
2.03184
2.04073
2.04973
2.05883
2.068
2.07725
2.0866
2.09611
2.10591
2.11627
2.12764
2.14078
2.15681
2.17721
2.20374
2.23816
2.28211
2.33692
2.40368
2.48335
2.57711
2.68669
2.81475
1.92035
1.92105
1.92231
1.92405
1.92625
1.92892
1.93211
1.93585
1.9402
1.94517
1.95077
1.95697
1.96373
1.971
1.9787
1.98676
1.99512
2.00368
2.01241
2.02125
2.03016
2.03915
2.04821
2.05739
2.06677
2.07651
2.08692
2.0985
2.11205
2.12869
2.14987
2.17721
2.21237
2.25682
2.31179
2.37832
2.45738
2.55019
2.6586
2.78548
1.89428
1.89494
1.89614
1.8978
1.89991
1.90249
1.90559
1.90925
1.91352
1.91841
1.92393
1.93005
1.93673
1.94391
1.95153
1.9595
1.96775
1.9762
1.9848
1.99351
2.00229
2.01114
2.02008
2.02917
2.0385
2.04829
2.05887
2.07079
2.08488
2.10225
2.12427
2.15248
2.18838
2.23332
2.28845
2.35474
2.43318
2.52504
2.63231
2.75805
1.86855
1.86919
1.87034
1.87193
1.87397
1.87648
1.87951
1.88311
1.88731
1.89214
1.8976
1.90366
1.91028
1.9174
1.92496
1.93286
1.94103
1.94941
1.95792
1.96654
1.97523
1.98401
1.99289
2.00195
2.01134
2.02128
2.03215
2.04453
2.05927
2.07745
2.10038
2.12947
2.16611
2.21152
2.26678
2.33281
2.41061
2.50151
2.60764
2.73227
1.84319
1.8438
1.84491
1.84646
1.84845
1.85091
1.85389
1.85744
1.8616
1.86638
1.8718
1.87782
1.8844
1.89149
1.899
1.90686
1.91499
1.92332
1.93179
1.94037
1.94903
1.95778
1.96667
1.9758
1.98533
1.99552
2.00679
2.01975
2.03522
2.05428
2.07814
2.10812
2.14547
2.19132
2.24665
2.31238
2.3895
2.47942
2.58442
2.70798
1.81821
1.81881
1.81989
1.82141
1.82336
1.82579
1.82874
1.83226
1.8364
1.84116
1.84655
1.85255
1.85912
1.86618
1.87368
1.88153
1.88965
1.89797
1.90644
1.91502
1.9237
1.9325
1.94148
1.95076
1.96052
1.97107
1.98284
1.99646
2.01274
2.03271
2.05752
2.08836
2.12638
2.1726
2.22795
2.29331
2.3697
2.45862
2.56249
2.68498
1.79362
1.7942
1.79527
1.79677
1.79871
1.80113
1.80408
1.8076
1.81173
1.81649
1.82188
1.82788
1.83445
1.84152
1.84903
1.8569
1.86504
1.8734
1.88191
1.89055
1.8993
1.90821
1.91735
1.92687
1.93696
1.94796
1.96032
1.97467
1.99183
2.01274
2.03847
2.07012
2.10874
2.15525
2.21054
2.27546
2.35107
2.43895
2.54167
2.66312
1.76942
1.77
1.77107
1.77257
1.77451
1.77695
1.77991
1.78345
1.7876
1.79239
1.7978
1.80382
1.81042
1.81753
1.82508
1.83299
1.8412
1.84963
1.85823
1.86698
1.87588
1.88497
1.89435
1.90418
1.9147
1.92624
1.93927
1.95442
1.97246
1.9943
2.02093
2.05333
2.09246
2.13918
2.19431
2.2587
2.33346
2.42024
2.5218
2.64222
1.74562
1.7462
1.74727
1.74879
1.75077
1.75324
1.75625
1.75984
1.76404
1.76887
1.77433
1.78041
1.78706
1.79423
1.80186
1.80986
1.81817
1.82671
1.83546
1.84438
1.85348
1.86282
1.87253
1.88277
1.89379
1.90594
1.9197
1.93568
1.95463
1.97738
2.00483
2.0379
2.07744
2.12425
2.17912
2.24289
2.31671
2.40235
2.50272
2.62212
1.7222
1.72279
1.72388
1.72545
1.72748
1.73002
1.73311
1.73677
1.74105
1.74596
1.7515
1.75766
1.7644
1.77168
1.77941
1.78754
1.79599
1.80471
1.81364
1.82279
1.83217
1.84185
1.85195
1.86267
1.87427
1.88709
1.90163
1.91846
1.93829
1.9619
1.99011
2.02373
2.06357
2.11036
2.16485
2.2279
2.30069
2.38511
2.48428
2.60266
1.69914
1.69975
1.70089
1.70252
1.70464
1.70728
1.71047
1.71424
1.71863
1.72366
1.72932
1.73561
1.74248
1.74989
1.75778
1.76608
1.77472
1.78366
1.79285
1.80229
1.81201
1.82209
1.83267
1.84394
1.85617
1.86971
1.88505
1.90273
1.92341
1.9478
1.97667
2.01075
2.05076
2.09739
2.15138
2.21358
2.28524
2.3684
2.46632
2.58368
1.67644
1.67707
1.67827
1.67999
1.68223
1.685
1.68833
1.69226
1.69681
1.702
1.70782
1.71427
1.72132
1.72892
1.73701
1.74552
1.75441
1.76362
1.77312
1.78292
1.79305
1.80361
1.81473
1.8266
1.83951
1.8538
1.86994
1.88844
1.90991
1.93502
1.96443
1.99884
2.03889
2.08523
2.13858
2.19981
2.27025
2.35205
2.44871
2.56504
1.65405
1.65473
1.656
1.65784
1.66023
1.66317
1.6667
1.67082
1.67558
1.68097
1.68701
1.69368
1.70096
1.70879
1.71713
1.72592
1.73511
1.74465
1.75452
1.76474
1.77535
1.78643
1.79814
1.81066
1.82428
1.83934
1.85625
1.87554
1.89774
1.92345
1.9533
1.9879
2.02784
2.07376
2.12632
2.18646
2.25557
2.33596
2.43131
2.54661
1.63195
1.63267
1.63406
1.63604
1.63862
1.64178
1.64554
1.64992
1.65493
1.6606
1.66691
1.67385
1.68141
1.68953
1.69818
1.7073
1.71685
1.72678
1.73709
1.74778
1.75891
1.77058
1.78292
1.79613
1.81046
1.82627
1.84395
1.86395
1.88679
1.91302
1.94318
1.97783
2.01753
2.06286
2.11451
2.17342
2.24109
2.31999
2.41401
2.52826
1.61009
1.61088
1.61239
1.61456
1.61736
1.62079
1.62484
1.62953
1.63486
1.64086
1.6475
1.65479
1.66269
1.67118
1.68019
1.6897
1.69966
1.71004
1.72084
1.73206
1.74377
1.75605
1.76905
1.78295
1.79802
1.81455
1.83294
1.8536
1.87699
1.90361
1.93395
1.96852
2.00782
2.05243
2.10301
2.16058
2.22671
2.30406
2.39672
2.50992
1.58842
1.5893
1.59096
1.59335
1.59642
1.60016
1.60457
1.60963
1.61536
1.62175
1.6288
1.6365
1.64482
1.65372
1.66317
1.67313
1.68357
1.69445
1.70578
1.71758
1.7299
1.74283
1.7565
1.7711
1.78687
1.8041
1.82314
1.84438
1.86823
1.89512
1.92551
1.95985
1.99862
2.04236
2.09175
2.14784
2.21234
2.28808
2.37936
2.49149
1.5669
1.56786
1.56971
1.57236
1.57576
1.57987
1.58469
1.5902
1.59639
1.60326
1.61079
1.61897
1.62778
1.63717
1.64712
1.65759
1.66856
1.67999
1.6919
1.70431
1.71727
1.73086
1.74521
1.76049
1.77694
1.79483
1.81446
1.83619
1.86039
1.88744
1.91775
1.95174
1.98983
2.03255
2.08061
2.13512
2.19791
2.272
2.36189
2.47294
1.54545
1.54652
1.54859
1.55154
1.55531
1.55986
1.56517
1.57119
1.57792
1.58535
1.59344
1.60218
1.61155
1.6215
1.63202
1.64306
1.6546
1.66664
1.67916
1.69221
1.70582
1.72008
1.7351
1.75105
1.76814
1.78662
1.80677
1.82891
1.85335
1.88045
1.91056
1.94405
1.98133
2.02291
2.06953
2.12236
2.18337
2.2558
2.34429
2.45426
1.524
1.52521
1.52752
1.53082
1.53503
1.54009
1.54595
1.55257
1.55993
1.56799
1.57672
1.5861
1.5961
1.60668
1.61782
1.62949
1.64166
1.65433
1.6675
1.6812
1.69547
1.71039
1.72607
1.74265
1.76035
1.77936
1.79996
1.8224
1.84699
1.87402
1.9038
1.93668
1.97303
2.01336
2.05843
2.10951
2.16871
2.23948
2.32659
2.43548
1.50247
1.50383
1.50643
1.51014
1.51486
1.5205
1.527
1.5343
1.54236
1.55114
1.56059
1.57069
1.58139
1.59267
1.60449
1.61683
1.62967
1.64301
1.65684
1.67121
1.68613
1.7017
1.718
1.73519
1.75343
1.77292
1.79388
1.81655
1.84118
1.86803
1.89738
1.92952
1.96483
2.00382
2.04727
2.09655
2.15394
2.22307
2.30884
2.41665
1.48079
1.48232
1.48525
1.48943
1.49472
1.50103
1.50826
1.51633
1.52518
1.53476
1.54501
1.5559
1.56737
1.5794
1.59196
1.60501
1.61856
1.63258
1.64709
1.66211
1.67769
1.69388
1.71079
1.72853
1.74726
1.76715
1.7884
1.8112
1.83577
1.86234
1.89115
1.92247
1.95666
1.99422
2.03601
2.08349
2.13911
2.20666
2.29112
2.39789
1.45884
1.46058
1.4639
1.46862
1.47458
1.48164
1.48968
1.49862
1.50835
1.51882
1.52994
1.54169
1.55399
1.56683
1.58016
1.59396
1.60823
1.62295
1.63814
1.65382
1.67002
1.68681
1.70428
1.72252
1.74169
1.76191
1.78336
1.80621
1.83064
1.85684
1.88503
1.91544
1.94843
1.98454
2.02466
2.07037
2.12429
2.19035
2.27358
2.37933
1.43652
1.4385
1.44228
1.44763
1.45435
1.46228
1.47125
1.48114
1.49185
1.50328
1.51536
1.52801
1.5412
1.55488
1.56902
1.5836
1.5986
1.61402
1.62988
1.6462
1.66301
1.68036
1.69834
1.71704
1.73657
1.75706
1.77864
1.80146
1.82566
1.85141
1.87889
1.90834
1.9401
1.97474
2.01323
2.05727
2.1096
2.17428
2.25637
2.36114
1.41372
1.41599
1.42031
1.4264
1.43401
1.44292
1.45294
1.4639
1.47567
1.48815
1.50123
1.51486
1.52898
1.54353
1.55849
1.57385
1.58959
1.6057
1.62222
1.63914
1.65652
1.6744
1.69285
1.71195
1.73179
1.75247
1.7741
1.79681
1.82072
1.84595
1.87268
1.90113
1.93166
1.96487
2.00181
2.04429
2.09519
2.15864
2.23968
2.34352
1.3903
1.39292
1.39789
1.40487
1.41353
1.42357
1.43476
1.44691
1.45984
1.47344
1.48759
1.50223
1.5173
1.53274
1.54854
1.56467
1.58113
1.59792
1.61506
1.63257
1.65048
1.66884
1.6877
1.70713
1.72721
1.74802
1.76965
1.79218
1.81573
1.8404
1.86634
1.8938
1.92312
1.95498
1.9905
2.03159
2.08124
2.1436
2.22369
2.32667
1.36611
1.36917
1.37495
1.383
1.39289
1.40424
1.41677
1.43022
1.44442
1.4592
1.47448
1.49016
1.50619
1.52252
1.53914
1.55603
1.57319
1.59063
1.60835
1.6264
1.64479
1.66357
1.68279
1.70251
1.72277
1.74364
1.7652
1.78751
1.81065
1.83473
1.8599
1.88637
1.91457
1.94519
1.97945
2.01935
2.06794
2.12937
2.20861
2.3108
1.34097
1.34459
1.35139
1.36076
1.37214
1.38503
1.39906
1.41396
1.42951
1.44555
1.46198
1.47871
1.4957
1.51292
1.53033
1.54795
1.56577
1.58381
1.60208
1.62061
1.63943
1.65858
1.6781
1.69803
1.71841
1.7393
1.76074
1.78279
1.80551
1.829
1.8534
1.87897
1.90614
1.93567
1.96886
2.00778
2.05549
2.11613
2.19464
2.29612
1.31463
1.31901
1.32715
1.3382
1.35138
1.36607
1.38182
1.3983
1.41529
1.43264
1.45023
1.46802
1.48595
1.504
1.52218
1.54048
1.55891
1.57749
1.59624
1.6152
1.63439
1.65386
1.67362
1.69371
1.71416
1.73502
1.75631
1.77807
1.80037
1.82329
1.84699
1.87173
1.89801
1.92663
1.95895
1.99707
2.04408
2.10408
2.18195
2.28279
1.2868
1.29225
1.30221
1.31543
1.33084
1.34764
1.36531
1.38351
1.40201
1.42068
1.43943
1.45823
1.47706
1.4959
1.51478
1.53369
1.55267
1.57174
1.59092
1.61024
1.62974
1.64945
1.6694
1.6896
1.71009
1.73088
1.752
1.77348
1.79537
1.81777
1.84085
1.86489
1.89042
1.91829
1.94992
1.98743
2.03388
2.09335
2.17067
2.27096
1.25702
1.26408
1.27663
1.29272
1.31088
1.33014
1.34994
1.36994
1.38997
1.40994
1.42981
1.44956
1.46921
1.48877
1.50827
1.52773
1.54718
1.56666
1.5862
1.60582
1.62557
1.64547
1.66555
1.68583
1.70631
1.72702
1.74797
1.76918
1.79072
1.81267
1.83522
1.85868
1.8836
1.91089
1.94198
1.97901
2.02503
2.08407
2.16093
2.26075
1.22461
1.23431
1.25071
1.27066
1.29217
1.31419
1.33623
1.35805
1.37956
1.40075
1.42163
1.44224
1.4626
1.48278
1.5028
1.52272
1.54256
1.56238
1.58221
1.60207
1.62201
1.64205
1.66222
1.68253
1.703
1.72362
1.74441
1.7654
1.78664
1.80822
1.83034
1.85334
1.87779
1.90463
1.93529
1.97195
2.01763
2.07632
2.15281
2.25224
1.1884
1.20294
1.22532
1.25034
1.27572
1.30064
1.32487
1.34837
1.37121
1.39345
1.41518
1.43649
1.45744
1.4781
1.49854
1.51881
1.53896
1.55904
1.57908
1.59912
1.61919
1.63933
1.65955
1.67988
1.70031
1.72086
1.74153
1.76234
1.78335
1.80466
1.82646
1.84911
1.87319
1.89967
1.92999
1.96635
2.01176
2.07019
2.14641
2.24554
1.14623
1.17123
1.20278
1.23379
1.26304
1.29057
1.31664
1.34149
1.36534
1.38837
1.41073
1.43253
1.4539
1.47491
1.49563
1.51615
1.5365
1.55675
1.57693
1.59709
1.61725
1.63744
1.6577
1.67802
1.69843
1.71892
1.7395
1.76019
1.78104
1.80216
1.82374
1.84614
1.86996
1.89615
1.92621
1.96232
2.00752
2.06579
2.14186
2.24079
1.09588
1.14621
1.18821
1.22407
1.25597
1.28513
1.31228
1.33789
1.3623
1.38576
1.40845
1.43052
1.45211
1.47329
1.49417
1.51481
1.53527
1.5556
1.57585
1.59607
1.61627
1.6365
1.65676
1.67708
1.69747
1.71793
1.73846
1.75909
1.77986
1.80087
1.82233
1.84458
1.86824
1.89426
1.92413
1.96006
2.00513
2.06333
2.1394
2.23822
10.6737
7.20565
5.8442
5.1065
4.63221
4.29906
4.05261
3.86392
3.71532
3.59505
3.49511
3.40999
3.33593
3.27041
3.21169
3.15858
3.11022
3.06598
3.02536
2.98799
2.95353
2.92175
2.89241
2.86534
2.8404
2.81747
2.79644
2.77723
2.75977
2.74401
2.7299
2.7174
2.70647
2.69706
2.68915
2.68268
2.6776
2.67387
2.67142
2.67022
7.35988
6.33451
5.51206
4.92934
4.51262
4.20626
3.9748
3.79578
3.65411
3.53923
3.44365
3.36215
3.29115
3.22823
3.17173
3.12052
3.07381
3.03101
2.99165
2.95537
2.92188
2.89093
2.86232
2.83589
2.8115
2.78903
2.76839
2.7495
2.7323
2.71675
2.7028
2.69042
2.67958
2.67024
2.66237
2.65593
2.65089
2.64717
2.64475
2.64355
6.11638
5.62123
5.11501
4.68791
4.34888
4.08411
3.87701
3.71352
3.58255
3.47553
3.38603
3.30937
3.24233
3.18267
3.12892
3.08005
3.03533
2.99424
2.95637
2.92138
2.88902
2.85905
2.8313
2.80562
2.78186
2.75994
2.73976
2.72126
2.70438
2.68907
2.67532
2.66308
2.65235
2.64308
2.63527
2.62888
2.62386
2.62017
2.61776
2.61657
5.43527
5.11006
4.76176
4.44225
4.17051
3.94755
3.76729
3.62182
3.50355
3.4059
3.32358
3.25262
3.19017
3.1343
3.0837
3.03748
2.99503
2.95588
2.91968
2.88615
2.85505
2.8262
2.79941
2.77457
2.75154
2.73024
2.71059
2.69254
2.67602
2.66101
2.64748
2.63542
2.62481
2.61564
2.60789
2.60153
2.59655
2.59288
2.59049
2.58932
4.98885
4.73422
4.46792
4.21695
3.99569
3.80828
3.65299
3.52538
3.4202
3.33244
3.25781
3.19296
3.13549
3.08371
3.03653
2.99319
2.95319
2.91615
2.88178
2.84983
2.82011
2.79246
2.76673
2.7428
2.72058
2.69997
2.68092
2.66336
2.64726
2.63259
2.61932
2.60746
2.597
2.58793
2.58025
2.57394
2.56899
2.56535
2.56298
2.56182
4.66508
4.44585
4.22541
4.01801
3.83282
3.67346
3.53947
3.42802
3.33523
3.25711
3.19015
3.1315
3.0791
3.03155
2.98791
2.94758
2.91015
2.87532
2.84286
2.81259
2.78433
2.75795
2.73335
2.7104
2.68904
2.66918
2.65077
2.63377
2.61813
2.60383
2.59087
2.57924
2.56895
2.56
2.5524
2.54614
2.54122
2.53761
2.53525
2.5341
4.41468
4.21595
4.02318
3.84424
3.68461
3.54667
3.43003
3.33245
3.25076
3.18157
3.12186
3.0692
3.02179
2.97842
2.93834
2.90104
2.86622
2.83365
2.80315
2.77459
2.74784
2.72279
2.69935
2.67744
2.65698
2.63792
2.6202
2.60378
2.58865
2.57478
2.56215
2.55079
2.54069
2.53187
2.52436
2.51816
2.51328
2.50969
2.50735
2.50621
4.21235
4.02687
3.85202
3.69233
3.551
3.42925
3.32642
3.24039
3.16829
3.10707
3.054
3.00691
2.96423
2.92489
2.88826
2.85395
2.82171
2.79138
2.76286
2.73602
2.71079
2.68709
2.66484
2.64399
2.62446
2.60622
2.58923
2.57344
2.55885
2.54543
2.53318
2.52211
2.51224
2.50358
2.49617
2.49004
2.48519
2.48162
2.47929
2.47816
4.04364
3.86749
3.70496
3.5588
3.43078
3.32132
3.22937
3.15278
3.08878
3.03449
2.98733
2.94532
2.907
2.87144
2.8381
2.80664
2.7769
2.74878
2.72218
2.69706
2.67334
2.65098
2.62993
2.61013
2.59155
2.57416
2.55791
2.54278
2.52876
2.51582
2.50398
2.49324
2.48362
2.47514
2.46785
2.46179
2.45698
2.45343
2.45112
2.44999
3.89963
3.7305
3.57691
3.44058
3.32246
3.22238
3.13899
3.07005
3.01279
2.9644
2.92242
2.88492
2.85056
2.81848
2.78819
2.75943
2.73208
2.70605
2.68133
2.65786
2.63562
2.61458
2.5947
2.57596
2.55833
2.54178
2.52628
2.51182
2.49839
2.48597
2.47456
2.46418
2.45484
2.44657
2.43943
2.43345
2.42868
2.42516
2.42285
2.42174
3.7745
3.6109
3.4641
3.33514
3.22453
3.13168
3.05505
2.99226
2.94056
2.89716
2.85963
2.82609
2.79525
2.76632
2.73884
2.71258
2.68746
2.66342
2.64047
2.61859
2.59777
2.57801
2.55928
2.54157
2.52486
2.50914
2.4944
2.48062
2.46778
2.45589
2.44495
2.43495
2.42592
2.41789
2.41091
2.40503
2.40032
2.39681
2.39452
2.39341
3.66424
3.50518
3.36374
3.24048
3.13563
3.04844
2.97714
2.91931
2.87216
2.83291
2.79917
2.76907
2.74134
2.71522
2.69027
2.66631
2.64324
2.62106
2.59978
2.5794
2.55994
2.54139
2.52376
2.50704
2.49123
2.47633
2.46232
2.4492
2.43697
2.42562
2.41514
2.40555
2.39686
2.38909
2.3823
2.37655
2.37191
2.36843
2.36614
2.36503
3.566
3.41077
3.27371
3.15498
3.05463
2.97186
2.9048
2.85095
2.80751
2.77171
2.74116
2.71401
2.689
2.66535
2.64267
2.62078
2.5996
2.57913
2.5594
2.54042
2.52223
2.50483
2.48824
2.47246
2.45751
2.44339
2.4301
2.41763
2.40599
2.39518
2.38518
2.37601
2.36767
2.3602
2.35362
2.34802
2.34346
2.34001
2.33774
2.33664
3.47769
3.32578
3.19238
3.07734
2.98056
2.90127
2.83756
2.7869
2.74647
2.71351
2.68563
2.66099
2.63831
2.61685
2.59618
2.57614
2.55667
2.53777
2.51946
2.50178
2.48476
2.46844
2.45282
2.43794
2.4238
2.41042
2.3978
2.38596
2.37489
2.3646
2.35508
2.34634
2.33838
2.33121
2.32488
2.31945
2.31499
2.31159
2.30933
2.30823
3.39773
3.24874
3.11847
3.00652
2.91261
2.83604
2.77499
2.72687
2.68886
2.65822
2.63255
2.61002
2.58935
2.56978
2.55089
2.5325
2.51456
2.49707
2.48006
2.46357
2.44764
2.43231
2.4176
2.40354
2.39016
2.37747
2.3655
2.35425
2.34373
2.33394
2.32489
2.31657
2.30899
2.30215
2.29608
2.29084
2.28651
2.28317
2.28094
2.27983
3.32492
3.17852
3.05098
2.94166
2.85009
2.77565
2.71668
2.67057
2.63449
2.60571
2.58186
2.56109
2.54214
2.5242
2.50686
2.48992
2.47335
2.45713
2.4413
2.42589
2.41096
2.39654
2.38266
2.36937
2.35668
2.34464
2.33326
2.32256
2.31255
2.30324
2.29464
2.28674
2.27953
2.27302
2.26724
2.26221
2.25802
2.25477
2.25256
2.25147
3.25829
3.11425
2.98911
2.88206
2.79245
2.71967
2.66227
2.61771
2.58315
2.55586
2.53348
2.51417
2.49665
2.48011
2.46412
2.44847
2.4331
2.41801
2.40324
2.38881
2.37478
2.36119
2.34807
2.33548
2.32344
2.31198
2.30114
2.29095
2.28142
2.27257
2.26439
2.25688
2.25004
2.24387
2.23837
2.23357
2.22955
2.2264
2.22423
2.22314
3.1971
3.0552
2.93222
2.82713
2.7392
2.66772
2.61145
2.56805
2.53464
2.50852
2.48732
2.4692
2.45287
2.43752
2.42269
2.40815
2.39385
2.37977
2.36593
2.35239
2.33917
2.32633
2.31391
2.30195
2.29048
2.27957
2.26923
2.2595
2.2504
2.24196
2.23417
2.22704
2.22055
2.21471
2.2095
2.20495
2.20111
2.19807
2.19595
2.19488
3.14071
3.00078
2.87975
2.77641
2.68991
2.61946
2.56397
2.52136
2.4888
2.46355
2.44326
2.4261
2.41076
2.39641
2.38257
2.369
2.35562
2.34243
2.32944
2.31667
2.30419
2.29202
2.28022
2.26883
2.25789
2.24746
2.23756
2.22825
2.21955
2.21149
2.20406
2.19728
2.19112
2.18558
2.18066
2.17635
2.17271
2.1698
2.16775
2.16669
3.08862
2.95051
2.83126
2.72949
2.64422
2.57461
2.51961
2.47745
2.44545
2.42082
2.40122
2.3848
2.37026
2.35674
2.34374
2.331
2.31844
2.30602
2.29377
2.2817
2.26987
2.2583
2.24706
2.23617
2.22571
2.2157
2.20621
2.19727
2.18893
2.1812
2.1741
2.16763
2.16178
2.15654
2.15188
2.14782
2.14437
2.14161
2.13964
2.1386
3.04039
2.90399
2.78638
2.68602
2.60182
2.5329
2.47821
2.43619
2.40445
2.38021
2.36109
2.34524
2.33132
2.31848
2.30618
2.29416
2.28229
2.27055
2.25894
2.24749
2.23623
2.22521
2.21445
2.20402
2.19397
2.18435
2.17521
2.16661
2.15858
2.15115
2.14434
2.13816
2.13259
2.12762
2.12322
2.11939
2.11614
2.11352
2.11164
2.11063
2.99568
2.86086
2.74478
2.6457
2.56245
2.49409
2.43957
2.39747
2.3657
2.34161
2.32278
2.30732
2.29389
2.28158
2.26987
2.25844
2.24717
2.23602
2.22498
2.21407
2.20331
2.19276
2.18244
2.17241
2.16273
2.15344
2.14462
2.1363
2.12854
2.12138
2.11483
2.1089
2.10359
2.09886
2.0947
2.09109
2.08803
2.08556
2.08377
2.08281
2.95415
2.82082
2.70618
2.60829
2.52588
2.45797
2.40352
2.3612
2.32913
2.30495
2.28622
2.27099
2.2579
2.24601
2.23476
2.22384
2.21308
2.20243
2.19188
2.18143
2.17112
2.16098
2.15104
2.14136
2.132
2.12301
2.11445
2.10639
2.09887
2.09194
2.08562
2.07991
2.07482
2.07032
2.06637
2.06297
2.06009
2.05776
2.05607
2.05515
2.91553
2.78362
2.67032
2.57355
2.49189
2.42435
2.36989
2.32725
2.29472
2.27018
2.25134
2.2362
2.22331
2.21172
2.20084
2.19032
2.17999
2.16976
2.15963
2.14959
2.13966
2.12988
2.12027
2.1109
2.10181
2.09307
2.08475
2.0769
2.06959
2.06286
2.05673
2.05123
2.04633
2.04202
2.03827
2.03505
2.03234
2.03016
2.02857
2.02769
2.87957
2.749
2.637
2.54126
2.46031
2.39306
2.33853
2.29551
2.26241
2.23732
2.21813
2.20289
2.19008
2.17868
2.16807
2.15788
2.14789
2.13802
2.12824
2.11855
2.10895
2.09946
2.09014
2.08103
2.07217
2.06365
2.05553
2.04787
2.04074
2.03417
2.02822
2.02288
2.01816
2.01402
2.01045
2.00739
2.00483
2.00278
2.00128
2.00045
2.84605
2.71676
2.60599
2.51126
2.43095
2.36397
2.30931
2.26584
2.23211
2.20635
2.18662
2.17107
2.15819
2.14687
2.13643
2.12647
2.11676
2.10719
2.0977
2.08829
2.07897
2.06975
2.06066
2.05177
2.04312
2.03478
2.02682
2.01932
2.01233
2.00592
2.0001
1.99491
1.99033
1.98635
1.98292
1.98001
1.9776
1.97566
1.97425
1.97346
2.81475
2.68669
2.57711
2.48335
2.40368
2.33692
2.28211
2.23816
2.20374
2.17721
2.15681
2.14078
2.12764
2.11627
2.10591
2.09611
2.0866
2.07725
2.068
2.05883
2.04973
2.04073
2.03184
2.02313
2.01464
2.00645
1.99864
1.99127
1.9844
1.97811
1.97241
1.96734
1.96289
1.95903
1.95574
1.95296
1.95066
1.94883
1.9475
1.94676
2.78548
2.6586
2.55019
2.45738
2.37832
2.31179
2.25682
2.21237
2.17721
2.14987
2.12869
2.11205
2.0985
2.08692
2.07651
2.06677
2.05739
2.04821
2.03915
2.03016
2.02125
2.01241
2.00368
1.99512
1.98676
1.9787
1.971
1.96373
1.95697
1.95077
1.94517
1.9402
1.93585
1.93211
1.92892
1.92625
1.92405
1.92231
1.92105
1.92035
2.75805
2.63231
2.52504
2.43318
2.35474
2.28845
2.23332
2.18838
2.15248
2.12427
2.10225
2.08488
2.07079
2.05887
2.04829
2.0385
2.02917
2.02008
2.01114
2.00229
1.99351
1.9848
1.9762
1.96775
1.9595
1.95153
1.94391
1.93673
1.93005
1.92393
1.91841
1.91352
1.90925
1.90559
1.90249
1.89991
1.8978
1.89614
1.89494
1.89428
2.73227
2.60764
2.50151
2.41061
2.33281
2.26678
2.21152
2.16611
2.12947
2.10038
2.07745
2.05927
2.04453
2.03215
2.02128
2.01134
2.00195
1.99289
1.98401
1.97523
1.96654
1.95792
1.94941
1.94103
1.93286
1.92496
1.9174
1.91028
1.90366
1.8976
1.89214
1.88731
1.88311
1.87951
1.87648
1.87397
1.87193
1.87034
1.86919
1.86855
2.70798
2.58442
2.47942
2.3895
2.31238
2.24665
2.19132
2.14547
2.10812
2.07814
2.05428
2.03522
2.01975
2.00679
1.99552
1.98533
1.9758
1.96667
1.95778
1.94903
1.94037
1.93179
1.92332
1.91499
1.90686
1.899
1.89149
1.8844
1.87782
1.8718
1.86638
1.8616
1.85744
1.85389
1.85091
1.84845
1.84646
1.84491
1.8438
1.84319
2.68498
2.56249
2.45862
2.3697
2.29331
2.22795
2.1726
2.12638
2.08836
2.05752
2.03271
2.01274
1.99646
1.98284
1.97107
1.96052
1.95076
1.94148
1.9325
1.9237
1.91503
1.90644
1.89797
1.88965
1.88153
1.87368
1.86618
1.85912
1.85255
1.84655
1.84116
1.8364
1.83226
1.82874
1.82579
1.82336
1.82141
1.81989
1.81881
1.81821
2.66312
2.54167
2.43895
2.35107
2.27546
2.21054
2.15525
2.10874
2.07012
2.03847
2.01274
1.99183
1.97468
1.96032
1.94796
1.93696
1.92687
1.91735
1.90821
1.8993
1.89055
1.88191
1.8734
1.86504
1.8569
1.84903
1.84152
1.83445
1.82788
1.82188
1.81649
1.81173
1.8076
1.80408
1.80113
1.79871
1.79677
1.79527
1.7942
1.79362
2.64222
2.5218
2.42024
2.33346
2.2587
2.19431
2.13918
2.09246
2.05333
2.02093
1.9943
1.97246
1.95442
1.93927
1.92624
1.9147
1.90419
1.89435
1.88497
1.87588
1.86698
1.85823
1.84963
1.8412
1.83299
1.82508
1.81753
1.81042
1.80382
1.7978
1.79239
1.7876
1.78345
1.77991
1.77695
1.77451
1.77257
1.77107
1.77
1.76942
2.62212
2.50272
2.40235
2.31671
2.24289
2.17912
2.12425
2.07744
2.0379
2.00483
1.97738
1.95463
1.93568
1.9197
1.90594
1.89379
1.88277
1.87253
1.86282
1.85348
1.84438
1.83546
1.82671
1.81817
1.80986
1.80186
1.79423
1.78706
1.78041
1.77433
1.76887
1.76404
1.75984
1.75625
1.75324
1.75077
1.74879
1.74727
1.7462
1.74562
2.60266
2.48428
2.38511
2.30069
2.2279
2.16485
2.11036
2.06357
2.02373
1.99011
1.9619
1.93829
1.91846
1.90163
1.88709
1.87427
1.86267
1.85195
1.84185
1.83217
1.82279
1.81364
1.80471
1.79599
1.78754
1.77941
1.77168
1.7644
1.75766
1.7515
1.74596
1.74105
1.73677
1.73311
1.73002
1.72748
1.72545
1.72388
1.72279
1.7222
2.58368
2.46632
2.3684
2.28524
2.21358
2.15138
2.09739
2.05076
2.01075
1.97667
1.9478
1.92341
1.90273
1.88505
1.86971
1.85617
1.84394
1.83267
1.82209
1.81201
1.80229
1.79285
1.78366
1.77472
1.76608
1.75778
1.74989
1.74248
1.73561
1.72932
1.72366
1.71863
1.71424
1.71047
1.70728
1.70464
1.70252
1.70089
1.69975
1.69914
2.56504
2.44871
2.35205
2.27025
2.19981
2.13858
2.08523
2.03888
1.99884
1.96443
1.93502
1.90991
1.88844
1.86994
1.8538
1.83951
1.8266
1.81473
1.80361
1.79305
1.78292
1.77312
1.76362
1.75441
1.74552
1.73701
1.72892
1.72132
1.71427
1.70782
1.702
1.69681
1.69226
1.68833
1.685
1.68223
1.67999
1.67827
1.67707
1.67644
2.54661
2.43131
2.33596
2.25557
2.18646
2.12632
2.07376
2.02784
1.9879
1.9533
1.92345
1.89774
1.87554
1.85625
1.83934
1.82428
1.81066
1.79814
1.78643
1.77535
1.76474
1.75452
1.74465
1.73511
1.72592
1.71713
1.70879
1.70096
1.69368
1.68701
1.68097
1.67558
1.67082
1.6667
1.66317
1.66023
1.65784
1.656
1.65473
1.65405
2.52826
2.41401
2.31999
2.24109
2.17342
2.11451
2.06286
2.01753
1.97783
1.94318
1.91302
1.88679
1.86395
1.84395
1.82627
1.81046
1.79613
1.78292
1.77058
1.75891
1.74778
1.73709
1.72678
1.71685
1.7073
1.69818
1.68953
1.68141
1.67385
1.66691
1.66059
1.65493
1.64992
1.64554
1.64178
1.63862
1.63604
1.63406
1.63267
1.63195
2.50992
2.39672
2.30406
2.22671
2.16058
2.10301
2.05243
2.00782
1.96852
1.93395
1.90361
1.87699
1.8536
1.83294
1.81455
1.79802
1.78295
1.76905
1.75605
1.74377
1.73206
1.72084
1.71004
1.69966
1.6897
1.68019
1.67118
1.66269
1.65479
1.6475
1.64086
1.63486
1.62953
1.62484
1.62079
1.61736
1.61456
1.61239
1.61088
1.61009
2.49149
2.37936
2.28808
2.21234
2.14784
2.09175
2.04236
1.99862
1.95985
1.92551
1.89512
1.86823
1.84438
1.82314
1.8041
1.78687
1.7711
1.7565
1.74283
1.7299
1.71758
1.70578
1.69445
1.68357
1.67313
1.66317
1.65372
1.64482
1.6365
1.6288
1.62175
1.61536
1.60963
1.60457
1.60016
1.59642
1.59335
1.59096
1.58929
1.58842
2.47294
2.36189
2.272
2.19791
2.13512
2.08061
2.03255
1.98983
1.95173
1.91775
1.88744
1.86039
1.83619
1.81446
1.79483
1.77694
1.76049
1.74521
1.73086
1.71727
1.70431
1.6919
1.67999
1.66856
1.65759
1.64712
1.63717
1.62778
1.61897
1.61079
1.60326
1.59639
1.5902
1.58469
1.57987
1.57576
1.57236
1.56971
1.56786
1.5669
2.45426
2.34429
2.2558
2.18337
2.12236
2.06953
2.02291
1.98133
1.94405
1.91056
1.88045
1.85335
1.82891
1.80677
1.78662
1.76814
1.75105
1.7351
1.72008
1.70582
1.69221
1.67916
1.66664
1.6546
1.64306
1.63202
1.6215
1.61155
1.60218
1.59344
1.58535
1.57792
1.57119
1.56517
1.55986
1.55531
1.55154
1.54859
1.54652
1.54545
2.43548
2.32659
2.23948
2.16871
2.10951
2.05843
2.01336
1.97303
1.93668
1.9038
1.87402
1.84699
1.8224
1.79996
1.77936
1.76034
1.74265
1.72607
1.71039
1.69547
1.6812
1.6675
1.65433
1.64166
1.62949
1.61782
1.60668
1.5961
1.5861
1.57672
1.56799
1.55993
1.55257
1.54595
1.54009
1.53503
1.53082
1.52752
1.52521
1.524
2.41665
2.30884
2.22307
2.15394
2.09655
2.04727
2.00382
1.96483
1.92952
1.89738
1.86803
1.84118
1.81655
1.79388
1.77292
1.75343
1.73519
1.718
1.7017
1.68613
1.6712
1.65684
1.64301
1.62967
1.61683
1.60449
1.59267
1.58139
1.57069
1.56059
1.55114
1.54236
1.5343
1.527
1.5205
1.51486
1.51014
1.50643
1.50383
1.50247
2.39789
2.29113
2.20666
2.13911
2.08349
2.03601
1.99422
1.95666
1.92247
1.89115
1.86234
1.83577
1.8112
1.7884
1.76715
1.74726
1.72853
1.71079
1.69388
1.67769
1.66211
1.64709
1.63258
1.61856
1.60501
1.59196
1.5794
1.56737
1.5559
1.54501
1.53476
1.52518
1.51633
1.50826
1.50103
1.49472
1.48943
1.48525
1.48232
1.48079
2.37933
2.27358
2.19035
2.12429
2.07037
2.02466
1.98454
1.94843
1.91544
1.88503
1.85684
1.83064
1.80621
1.78336
1.76191
1.74169
1.72252
1.70428
1.68681
1.67002
1.65382
1.63814
1.62295
1.60823
1.59396
1.58016
1.56683
1.55399
1.54168
1.52994
1.51882
1.50835
1.49862
1.48968
1.48164
1.47458
1.46862
1.4639
1.46058
1.45884
2.36114
2.25637
2.17428
2.1096
2.05727
2.01324
1.97474
1.94011
1.90834
1.87889
1.85141
1.82566
1.80146
1.77864
1.75706
1.73657
1.71704
1.69834
1.68036
1.66301
1.6462
1.62988
1.61402
1.5986
1.5836
1.56902
1.55488
1.5412
1.52801
1.51536
1.50328
1.49185
1.48114
1.47125
1.46228
1.45435
1.44763
1.44228
1.4385
1.43652
2.34352
2.23968
2.15864
2.09519
2.04429
2.00181
1.96487
1.93166
1.90113
1.87268
1.84595
1.82072
1.79681
1.7741
1.75247
1.73179
1.71195
1.69285
1.6744
1.65652
1.63914
1.62222
1.6057
1.58959
1.57385
1.55849
1.54353
1.52898
1.51486
1.50123
1.48815
1.47567
1.4639
1.45294
1.44292
1.43401
1.4264
1.42031
1.41599
1.41372
2.32667
2.22369
2.1436
2.08124
2.03159
1.9905
1.95498
1.92312
1.8938
1.86634
1.8404
1.81573
1.79218
1.76965
1.74802
1.72721
1.70713
1.6877
1.66884
1.65048
1.63257
1.61506
1.59792
1.58113
1.56467
1.54854
1.53274
1.5173
1.50223
1.48759
1.47344
1.45984
1.44691
1.43476
1.42357
1.41353
1.40487
1.39789
1.39292
1.3903
2.3108
2.20862
2.12937
2.06794
2.01935
1.97945
1.94519
1.91457
1.88637
1.8599
1.83473
1.81065
1.78751
1.7652
1.74364
1.72277
1.70251
1.68279
1.66357
1.64479
1.6264
1.60835
1.59063
1.57319
1.55603
1.53914
1.52252
1.50619
1.49016
1.47448
1.4592
1.44442
1.43022
1.41677
1.40424
1.39289
1.383
1.37495
1.36917
1.36611
2.29612
2.19464
2.11613
2.05549
2.00778
1.96887
1.93567
1.90614
1.87897
1.8534
1.829
1.80551
1.78279
1.76074
1.7393
1.71841
1.69803
1.6781
1.65858
1.63943
1.62061
1.60208
1.58381
1.56577
1.54795
1.53033
1.51292
1.4957
1.47871
1.46198
1.44555
1.42951
1.41396
1.39906
1.38503
1.37214
1.36076
1.35139
1.34459
1.34097
2.28279
2.18195
2.10408
2.04408
1.99707
1.95895
1.92663
1.89801
1.87173
1.84699
1.82329
1.80037
1.77807
1.75631
1.73502
1.71416
1.69371
1.67362
1.65386
1.63439
1.6152
1.59624
1.57749
1.55891
1.54048
1.52218
1.504
1.48595
1.46802
1.45023
1.43264
1.41529
1.3983
1.38182
1.36607
1.35138
1.3382
1.32715
1.31901
1.31463
2.27096
2.17067
2.09335
2.03388
1.98743
1.94992
1.91829
1.89042
1.86489
1.84085
1.81777
1.79537
1.77348
1.752
1.73088
1.71009
1.6896
1.6694
1.64945
1.62974
1.61024
1.59092
1.57174
1.55267
1.53369
1.51478
1.4959
1.47706
1.45823
1.43943
1.42068
1.40201
1.38351
1.36531
1.34764
1.33084
1.31543
1.30221
1.29225
1.2868
2.26075
2.16093
2.08407
2.02503
1.97901
1.94198
1.91089
1.8836
1.85868
1.83522
1.81267
1.79072
1.76918
1.74797
1.72702
1.70631
1.68583
1.66555
1.64547
1.62557
1.60582
1.5862
1.56666
1.54718
1.52773
1.50827
1.48877
1.46921
1.44956
1.42981
1.40994
1.38997
1.36994
1.34994
1.33014
1.31088
1.29272
1.27663
1.26408
1.25702
2.25224
2.15281
2.07632
2.01763
1.97195
1.93529
1.90463
1.87779
1.85334
1.83034
1.80822
1.78664
1.7654
1.74441
1.72362
1.703
1.68253
1.66222
1.64205
1.62201
1.60207
1.58221
1.56238
1.54256
1.52272
1.5028
1.48278
1.4626
1.44224
1.42163
1.40075
1.37956
1.35805
1.33623
1.31419
1.29217
1.27066
1.25071
1.23431
1.22461
2.24554
2.14641
2.07019
2.01176
1.96635
1.92999
1.89967
1.87319
1.84911
1.82646
1.80466
1.78335
1.76234
1.74153
1.72086
1.70031
1.67988
1.65955
1.63933
1.61919
1.59912
1.57908
1.55904
1.53896
1.51881
1.49854
1.4781
1.45744
1.43649
1.41518
1.39345
1.37121
1.34837
1.32487
1.30064
1.27572
1.25034
1.22532
1.20294
1.1884
2.24079
2.14186
2.06579
2.00752
1.96232
1.92621
1.89615
1.86996
1.84614
1.82374
1.80216
1.78104
1.76019
1.7395
1.71892
1.69843
1.67802
1.6577
1.63744
1.61725
1.59709
1.57693
1.55675
1.5365
1.51615
1.49563
1.47491
1.4539
1.43253
1.41073
1.38837
1.36534
1.34149
1.31664
1.29057
1.26304
1.23379
1.20278
1.17123
1.14623
2.23822
2.1394
2.06333
2.00513
1.96007
1.92413
1.89426
1.86824
1.84458
1.82233
1.80087
1.77986
1.75909
1.73846
1.71793
1.69747
1.67708
1.65676
1.6365
1.61627
1.59607
1.57585
1.5556
1.53527
1.51481
1.49417
1.47329
1.45211
1.43052
1.40845
1.38576
1.3623
1.33789
1.31228
1.28513
1.25597
1.22407
1.18821
1.14621
1.09588
)
;

boundaryField
{
    insulatedWall
    {
        type            calculated;
        value           nonuniform List<scalar> 
280
(
4.40746
4.23772
4.08977
3.96125
3.84975
3.75303
3.66902
3.5959
3.53202
3.47598
3.42655
3.38269
3.34349
3.30819
3.27613
3.24675
3.21955
3.19414
3.17014
3.14726
3.12522
3.1038
3.08281
3.06206
3.04143
3.02078
3.00001
2.97904
2.95779
2.9362
2.91423
2.89184
2.86901
2.84572
2.82196
2.79774
2.77306
2.74794
2.72239
2.69644
2.67011
2.64344
2.61646
2.5892
2.5617
2.53398
2.50608
2.47803
2.44986
2.4216
2.39326
2.36489
2.33648
2.30807
2.27968
2.2513
2.22298
2.19471
2.16652
2.13843
2.11046
2.08263
2.05497
2.0275
2.00026
1.97328
1.94657
1.92017
1.89409
1.86837
1.84301
1.81803
1.79344
1.76924
1.74544
1.72202
1.69896
1.67626
1.65387
1.63176
1.6099
1.58823
1.5667
1.54525
1.52379
1.50225
1.48055
1.45858
1.43624
1.41341
1.38995
1.36571
1.34049
1.31406
1.28608
1.25609
1.2233
1.18633
1.14211
1.08001
1.08004
1.14211
1.18616
1.22278
1.25506
1.28443
1.31172
1.33742
1.3619
1.38541
1.40814
1.43025
1.45185
1.47306
1.49395
1.5146
1.53507
1.55542
1.57568
1.5959
1.61611
1.63634
1.65661
1.67694
1.69734
1.7178
1.73834
1.75898
1.77975
1.80078
1.82225
1.84451
1.86818
1.89421
1.9241
1.96004
2.00511
2.06332
2.1394
2.23822
2.23822
2.1394
2.06332
2.00512
1.96004
1.9241
1.89421
1.86818
1.84451
1.82225
1.80078
1.77975
1.75898
1.73834
1.7178
1.69734
1.67694
1.65661
1.63634
1.61611
1.5959
1.57568
1.55542
1.53507
1.5146
1.49395
1.47306
1.45185
1.43025
1.40814
1.38541
1.3619
1.33742
1.31172
1.28443
1.25506
1.22278
1.18616
1.14211
1.08004
2.67011
2.64344
2.61646
2.5892
2.5617
2.53398
2.50608
2.47803
2.44986
2.4216
2.39326
2.36489
2.33648
2.30807
2.27968
2.2513
2.22298
2.19471
2.16652
2.13843
2.11046
2.08263
2.05497
2.0275
2.00026
1.97328
1.94657
1.92017
1.89409
1.86837
1.84301
1.81803
1.79344
1.76924
1.74544
1.72201
1.69896
1.67626
1.65387
1.63176
1.6099
1.58823
1.5667
1.54524
1.52379
1.50225
1.48055
1.45858
1.43624
1.41341
1.38995
1.36571
1.34049
1.31406
1.28608
1.25609
1.2233
1.18633
1.14211
1.08001
4.40746
4.23772
4.08977
3.96125
3.84975
3.75303
3.66902
3.5959
3.53202
3.47598
3.42655
3.38269
3.34349
3.30819
3.27613
3.24675
3.21955
3.19414
3.17014
3.14726
3.12522
3.1038
3.08281
3.06206
3.04143
3.02078
3.00001
2.97904
2.95779
2.9362
2.91423
2.89184
2.86901
2.84572
2.82196
2.79774
2.77306
2.74794
2.72239
2.69644
)
;
    }
    electrodeHV
    {
        type            calculated;
        value           nonuniform List<scalar> 
140
(
13.4424
8.05348
6.39645
5.60495
5.12002
4.77891
4.51889
4.31037
4.13724
3.98987
3.86202
3.7495
3.64933
3.55933
3.47787
3.40371
3.33586
3.27354
3.21612
3.16308
3.11397
3.06842
3.02611
2.98676
2.95011
2.91593
2.88402
2.85416
2.82616
2.79985
2.77503
2.75154
2.72919
2.70782
2.68726
2.66735
2.64792
2.62884
2.60996
2.59117
2.57237
2.55348
2.53447
2.51531
2.49604
2.47673
2.45749
2.43844
2.41979
2.40171
2.38443
2.36817
2.35312
2.33946
2.32735
2.31689
2.30819
2.30132
2.29642
2.29375
14.6411
9.60102
8.11885
7.46952
7.11353
6.89396
6.7514
6.6589
6.60289
6.5764
6.5764
6.60289
6.6589
6.7514
6.89396
7.11353
7.46952
8.11885
9.60103
14.6411
13.4424
8.05348
6.39645
5.60495
5.12002
4.77891
4.51889
4.31037
4.13724
3.98987
3.86202
3.7495
3.64933
3.55933
3.47787
3.40371
3.33586
3.27354
3.21612
3.16308
3.11397
3.06842
3.02611
2.98676
2.95011
2.91593
2.88402
2.85416
2.82616
2.79984
2.77503
2.75154
2.72919
2.70782
2.68726
2.66735
2.64792
2.62884
2.60996
2.59117
2.57237
2.55348
2.53447
2.51531
2.49604
2.47673
2.45749
2.43844
2.41979
2.40171
2.38444
2.36817
2.35312
2.33946
2.32735
2.31689
2.30819
2.30132
2.29642
2.29375
)
;
    }
    electrodeG
    {
        type            calculated;
        value           nonuniform List<scalar> 
100
(
4.49842
4.50017
4.50288
4.50636
4.51058
4.51552
4.52119
4.52757
4.53466
4.54243
4.55087
4.55995
4.56964
4.57993
4.59078
4.60216
4.61404
4.62638
4.63916
4.65234
4.66587
4.67972
4.69384
4.70819
4.72272
4.73738
4.75212
4.76689
4.78162
4.79627
4.81076
4.82506
4.8391
4.85284
4.8662
4.87914
4.89159
4.90349
4.91477
4.92537
4.93522
4.94428
4.95247
4.95975
4.96608
4.97141
4.97572
4.97896
4.98114
4.98224
4.98224
4.98114
4.97896
4.97572
4.97141
4.96608
4.95975
4.95247
4.94428
4.93522
4.92537
4.91477
4.90349
4.89159
4.87914
4.8662
4.85284
4.8391
4.82506
4.81076
4.79627
4.78162
4.76689
4.75212
4.73738
4.72272
4.70819
4.69384
4.67972
4.66587
4.65234
4.63916
4.62638
4.61404
4.60216
4.59078
4.57993
4.56964
4.55995
4.55087
4.54243
4.53466
4.52757
4.52119
4.51552
4.51058
4.50636
4.50288
4.50017
4.49842
)
;
    }
    frontAndBack
    {
        type            empty;
    }
}


// ************************************************************************* //
