/*--------------------------------*- C++ -*----------------------------------*\
  =========                 |
  \\      /  F ield         | OpenFOAM: The Open Source CFD Toolbox
   \\    /   O peration     | Website:  https://openfoam.org
    \\  /    A nd           | Version:  6
     \\/     M anipulation  |
\*---------------------------------------------------------------------------*/
FoamFile
{
    version     2.0;
    format      ascii;
    class       volScalarField;
    location    "20";
    object      phii;
}
// * * * * * * * * * * * * * * * * * * * * * * * * * * * * * * * * * * * * * //

dimensions      [1 2 -3 0 0 -1 0];

internalField   nonuniform List<scalar> 
8800
(
12.4977
12.5042
12.5142
12.5271
12.5426
12.5609
12.5818
12.6053
12.6315
12.6601
12.6911
12.7246
12.7602
12.798
12.8378
12.8796
12.9231
12.9683
13.015
13.0632
13.1126
13.1631
13.2145
13.2668
13.3196
13.3729
13.4263
13.4798
13.5332
13.5861
13.6385
13.69
13.7406
13.7901
13.8381
13.8846
13.9293
13.972
14.0124
14.0504
36.1442
36.1605
36.1884
36.2257
36.2714
36.3252
36.3869
36.4566
36.5338
36.6185
36.7105
36.8094
36.915
37.027
37.1451
37.2689
37.3981
37.5324
37.6712
37.8143
37.9611
38.1113
38.2643
38.4198
38.577
38.7356
38.8949
39.0543
39.2132
39.3711
39.5273
39.6812
39.8322
39.9798
40.1234
40.2622
40.3957
40.5231
40.6439
40.7572
58.5979
58.624
58.669
58.7296
58.8045
58.8929
58.9946
59.1093
59.2367
59.3764
59.5281
59.6914
59.8658
60.0508
60.246
60.4507
60.6644
60.8865
61.1163
61.3532
61.5964
61.8453
62.099
62.3568
62.6177
62.8808
63.1453
63.41
63.6741
63.9365
64.1961
64.452
64.7034
64.9491
65.1882
65.4195
65.6419
65.8542
66.0554
66.2444
80.0034
80.0394
80.1013
80.1849
80.2882
80.4105
80.5513
80.7102
80.8868
81.0805
81.291
81.5177
81.7599
82.0169
82.2882
82.5729
82.8702
83.1793
83.4993
83.8293
84.1684
84.5154
84.8694
85.2291
85.5934
85.961
86.3305
86.7007
87.07
87.4371
87.8007
88.1593
88.5117
88.8564
89.1919
89.5165
89.8288
90.127
90.4097
90.6751
100.491
100.537
100.616
100.722
100.854
101.009
101.188
101.391
101.616
101.863
102.131
102.421
102.73
103.058
103.405
103.769
104.149
104.545
104.955
105.378
105.813
106.258
106.712
107.174
107.642
108.115
108.59
109.067
109.542
110.015
110.484
110.947
111.403
111.848
112.282
112.702
113.106
113.492
113.857
114.201
120.177
120.233
120.329
120.457
120.616
120.805
121.022
121.267
121.54
121.84
122.166
122.517
122.893
123.292
123.714
124.158
124.621
125.103
125.603
126.12
126.651
127.195
127.751
128.316
128.889
129.468
130.051
130.636
131.22
131.801
132.378
132.948
133.509
134.057
134.592
135.11
135.609
136.085
136.537
136.962
139.162
139.228
139.341
139.492
139.678
139.899
140.154
140.442
140.762
141.115
141.498
141.911
142.353
142.824
143.321
143.844
144.391
144.961
145.552
146.162
146.791
147.435
148.094
148.765
149.446
150.134
150.827
151.522
152.218
152.911
153.599
154.28
154.95
155.606
156.246
156.865
157.462
158.033
158.574
159.083
157.535
157.611
157.74
157.913
158.127
158.381
158.673
159.003
159.371
159.776
160.216
160.692
161.201
161.743
162.316
162.919
163.551
164.209
164.893
165.6
166.328
167.076
167.84
168.619
169.41
170.211
171.018
171.828
172.639
173.449
174.253
175.049
175.833
176.601
177.351
178.077
178.777
179.446
180.081
180.679
175.373
175.458
175.603
175.798
176.039
176.325
176.654
177.027
177.443
177.9
178.399
178.937
179.514
180.128
180.779
181.464
182.182
182.931
183.709
184.515
185.346
186.199
187.073
187.964
188.87
189.787
190.713
191.643
192.576
193.507
194.433
195.349
196.253
197.139
198.004
198.843
199.651
200.424
201.158
201.848
192.739
192.833
192.993
193.21
193.478
193.796
194.164
194.58
195.043
195.554
196.111
196.713
197.359
198.048
198.777
199.546
200.353
201.195
202.072
202.979
203.916
204.88
205.867
206.875
207.9
208.939
209.989
211.046
212.106
213.165
214.219
215.263
216.293
217.303
218.29
219.246
220.169
221.052
221.89
222.679
209.689
209.791
209.967
210.205
210.501
210.852
211.257
211.716
212.229
212.794
213.411
214.078
214.795
215.559
216.37
217.225
218.123
219.063
220.04
221.054
222.101
223.18
224.285
225.415
226.566
227.733
228.914
230.103
231.297
232.492
233.681
234.86
236.023
237.165
238.28
239.362
240.406
241.405
242.354
243.248
226.271
226.381
226.572
226.831
227.153
227.537
227.981
228.485
229.047
229.668
230.346
231.08
231.869
232.712
233.607
234.551
235.545
236.584
237.667
238.791
239.954
241.152
242.382
243.64
244.923
246.226
247.544
248.874
250.21
251.547
252.879
254.2
255.505
256.786
258.037
259.252
260.424
261.547
262.614
263.618
242.523
242.641
242.846
243.126
243.476
243.893
244.376
244.925
245.538
246.216
246.957
247.76
248.624
249.548
250.529
251.567
252.659
253.803
254.996
256.236
257.519
258.843
260.203
261.597
263.018
264.463
265.927
267.405
268.891
270.379
271.863
273.335
274.79
276.218
277.614
278.97
280.279
281.532
282.723
283.845
258.48
258.604
258.824
259.125
259.502
259.952
260.475
261.07
261.736
262.473
263.279
264.153
265.095
266.102
267.174
268.308
269.502
270.755
272.063
273.424
274.834
276.289
277.787
279.322
280.89
282.485
284.103
285.738
287.383
289.031
290.675
292.308
293.921
295.506
297.056
298.561
300.015
301.407
302.731
303.978
274.168
274.299
274.532
274.854
275.259
275.743
276.307
276.95
277.669
278.466
279.339
280.287
281.309
282.403
283.569
284.803
286.104
287.471
288.899
290.386
291.928
293.523
295.164
296.849
298.571
300.325
302.105
303.905
305.718
307.536
309.35
311.153
312.935
314.687
316.399
318.064
319.671
321.212
322.677
324.057
289.612
289.749
289.995
290.338
290.77
291.29
291.895
292.586
293.361
294.22
295.162
296.186
297.291
298.475
299.738
301.077
302.49
303.974
305.528
307.147
308.828
310.568
312.361
314.202
316.087
318.008
319.96
321.935
323.926
325.923
327.918
329.901
331.861
333.79
335.677
337.51
339.281
340.98
342.595
344.117
304.83
304.972
305.232
305.595
306.055
306.61
307.259
307.999
308.831
309.754
310.767
311.869
313.06
314.338
315.702
317.149
318.677
320.285
321.97
323.727
325.553
327.445
329.396
331.403
333.458
335.556
337.689
339.849
342.028
344.215
346.401
348.575
350.726
352.843
354.914
356.928
358.874
360.741
362.516
364.191
319.837
319.985
320.258
320.641
321.13
321.721
322.413
323.204
324.094
325.083
326.169
327.353
328.633
330.007
331.475
333.034
334.683
336.419
338.239
340.141
342.119
344.169
346.287
348.467
350.701
352.985
355.308
357.664
360.041
362.43
364.819
367.196
369.55
371.867
374.135
376.342
378.475
380.521
382.468
384.305
334.646
334.8
335.085
335.49
336.007
336.635
337.37
338.213
339.163
340.22
341.382
342.649
344.02
345.494
347.069
348.745
350.519
352.388
354.349
356.4
358.536
360.752
363.044
365.405
367.828
370.307
372.831
375.393
377.98
380.582
383.186
385.78
388.349
390.88
393.359
395.772
398.105
400.344
402.476
404.487
349.267
349.426
349.725
350.15
350.696
351.361
352.141
353.037
354.048
355.174
356.413
357.766
359.231
360.807
362.494
364.29
366.192
368.199
370.307
372.513
374.813
377.203
379.676
382.226
384.847
387.531
390.267
393.045
395.855
398.683
401.516
404.34
407.139
409.898
412.603
415.236
417.784
420.231
422.562
424.761
363.708
363.873
364.183
364.63
365.205
365.907
366.733
367.683
368.756
369.952
371.271
372.711
374.272
375.954
377.756
379.675
381.71
383.858
386.118
388.485
390.956
393.525
396.187
398.936
401.764
404.662
407.621
410.629
413.673
416.741
419.817
422.886
425.93
428.935
431.881
434.753
437.532
440.203
442.748
445.151
377.974
378.144
378.468
378.935
379.539
380.279
381.151
382.156
383.293
384.56
385.959
387.489
389.149
390.939
392.857
394.903
397.074
399.369
401.785
404.319
406.966
409.722
412.581
415.536
418.58
421.704
424.896
428.146
431.439
434.761
438.095
441.426
444.733
448
451.207
454.336
457.366
460.28
463.058
465.682
392.069
392.245
392.581
393.069
393.703
394.481
395.4
396.46
397.66
399.001
400.482
402.103
403.863
405.763
407.8
409.976
412.287
414.732
417.309
420.014
422.843
425.793
428.856
432.026
435.296
438.656
442.094
445.598
449.154
452.745
456.355
459.965
463.555
467.105
470.594
474.001
477.304
480.482
483.515
486.38
405.997
406.178
406.527
407.035
407.699
408.515
409.481
410.596
411.861
413.276
414.839
416.552
418.415
420.426
422.586
424.893
427.347
429.946
432.688
435.569
438.586
441.735
445.01
448.404
451.909
455.515
459.211
462.984
466.817
470.695
474.599
478.509
482.402
486.258
490.052
493.761
497.362
500.83
504.141
507.271
419.757
419.943
420.305
420.835
421.528
422.382
423.395
424.566
425.896
427.385
429.032
430.838
432.804
434.928
437.212
439.653
442.253
445.009
447.919
450.98
454.191
457.545
461.039
464.665
468.414
472.278
476.244
480.299
484.426
488.609
492.826
497.057
501.278
505.464
509.59
513.631
517.558
521.344
524.963
528.386
433.35
433.543
433.917
434.468
435.19
436.082
437.142
438.369
439.764
441.327
443.059
444.959
447.028
449.266
451.675
454.253
456.999
459.915
462.996
466.243
469.651
473.217
476.935
480.801
484.804
488.936
493.185
497.537
501.975
506.481
511.034
515.61
520.184
524.73
529.219
533.623
537.911
542.05
546.01
549.757
446.777
446.974
447.362
447.933
448.685
449.614
450.721
452.004
453.464
455.101
456.916
458.91
461.084
463.437
465.971
468.686
471.582
474.658
477.914
481.348
484.958
488.74
492.691
496.803
501.069
505.481
510.025
514.689
519.455
524.305
529.215
534.163
539.12
544.059
548.947
553.753
558.44
562.973
567.314
571.424
460.034
460.238
460.638
461.229
462.01
462.977
464.129
465.468
466.992
468.704
470.602
472.69
474.967
477.435
480.096
482.948
485.994
489.233
492.665
496.29
500.104
504.107
508.294
512.66
517.198
521.899
526.751
531.742
536.855
542.069
547.363
552.711
558.084
563.452
568.781
574.033
579.168
584.143
588.912
593.431
473.121
473.33
473.742
474.354
475.163
476.167
477.365
478.758
480.346
482.131
484.113
486.293
488.674
491.256
494.042
497.032
500.228
503.631
507.24
511.056
515.079
519.305
523.734
528.359
533.176
538.176
543.349
548.681
554.158
559.76
565.463
571.242
577.069
582.909
588.725
594.476
600.116
605.592
610.849
615.833
486.034
486.249
486.674
487.305
488.142
489.182
490.425
491.872
493.522
495.379
497.442
499.715
502.198
504.893
507.804
510.931
514.276
517.842
521.629
525.638
529.869
534.322
538.995
543.885
548.987
554.294
559.798
565.487
571.347
577.357
583.498
589.743
596.063
602.423
608.783
615.096
621.308
627.357
633.176
638.693
498.77
498.991
499.428
500.079
500.943
502.018
503.305
504.804
506.516
508.443
510.587
512.949
515.533
518.34
521.373
524.636
528.129
531.857
535.82
540.022
544.462
549.142
554.062
559.219
564.611
570.234
576.079
582.137
588.396
594.838
601.445
608.192
615.049
621.983
628.952
635.902
642.771
649.483
655.954
662.093
511.327
511.553
512.002
512.672
513.562
514.672
516.001
517.551
519.323
521.318
523.54
525.991
528.673
531.589
534.743
538.139
541.778
545.666
549.804
554.196
558.844
563.751
568.917
574.343
580.029
585.971
592.165
598.604
605.277
612.173
619.274
626.559
634.002
641.571
649.223
656.9
664.529
672.018
679.258
686.13
523.7
523.931
524.392
525.081
525.996
527.139
528.509
530.108
531.937
534
536.297
538.833
541.611
544.634
547.906
551.431
555.214
559.258
563.567
568.147
573
578.131
583.542
589.237
595.216
601.48
608.027
614.855
621.956
629.323
636.945
644.806
652.885
661.155
669.576
678.087
686.604
695.015
703.177
710.931
535.886
536.122
536.594
537.301
538.241
539.415
540.824
542.47
544.355
546.482
548.852
551.471
554.341
557.467
560.853
564.504
568.425
572.622
577.098
581.861
586.914
592.265
597.917
603.876
610.146
616.731
623.633
630.854
638.392
646.245
654.411
662.881
671.647
680.689
689.974
699.445
709.009
718.53
727.82
736.654
547.88
548.122
548.605
549.328
550.291
551.496
552.943
554.634
556.572
558.759
561.2
563.897
566.856
570.081
573.577
577.349
581.404
585.746
590.384
595.323
600.571
606.134
612.021
618.238
624.794
631.695
638.948
646.56
654.537
662.885
671.611
680.721
690.219
700.103
710.356
720.932
731.738
742.614
753.313
763.509
559.68
559.927
560.42
561.159
562.144
563.377
564.86
566.593
568.582
570.827
573.334
576.107
579.15
582.469
586.069
589.957
594.139
598.621
603.413
608.52
613.953
619.721
625.832
632.298
639.129
646.336
653.932
661.928
670.34
679.183
688.476
698.244
708.51
719.3
730.624
742.464
754.745
767.293
779.795
791.772
571.281
571.532
572.035
572.789
573.795
575.055
576.571
578.345
580.38
582.68
585.25
588.094
591.217
594.625
598.323
602.32
606.621
611.236
616.172
621.438
627.046
633.006
639.33
646.032
653.124
660.623
668.545
676.911
685.743
695.069
704.923
715.35
726.403
738.143
750.626
763.889
777.907
792.533
807.4
821.817
582.679
582.935
583.447
584.215
585.24
586.525
588.072
589.883
591.963
594.315
596.943
599.853
603.05
606.541
610.331
614.429
618.842
623.579
628.65
634.064
639.834
645.973
652.494
659.414
666.749
674.519
682.747
691.459
700.686
710.47
720.861
731.928
743.758
756.457
770.149
784.959
800.971
818.154
836.18
854.139
593.871
594.131
594.651
595.432
596.476
597.784
599.359
601.205
603.326
605.725
608.408
611.379
614.645
618.212
622.087
626.278
630.793
635.642
640.835
646.385
652.303
658.604
665.304
672.422
679.977
687.993
696.498
705.523
715.111
725.312
736.196
747.854
760.411
774.027
788.905
805.295
823.468
843.668
865.89
889.32
604.854
605.118
605.645
606.438
607.498
608.827
610.429
612.307
614.465
616.908
619.64
622.668
625.996
629.632
633.584
637.859
642.466
647.416
652.719
658.389
664.439
670.884
677.743
685.035
692.784
701.015
709.761
719.06
728.96
739.523
750.834
763.006
776.196
790.615
806.55
824.384
844.635
868.01
895.394
927.476
14.0856
14.118
14.1472
14.1732
14.1958
14.2148
14.2302
14.2418
14.2495
14.2534
14.2534
14.2495
14.2418
14.2302
14.2148
14.1958
14.1732
14.1472
14.118
14.0856
40.8625
40.9592
41.0467
41.1244
41.1918
41.2486
41.2945
41.3291
41.3523
41.3639
41.3639
41.3523
41.3291
41.2945
41.2486
41.1918
41.1244
41.0467
40.9592
40.8625
66.4199
66.5811
66.7269
66.8565
66.969
67.0637
67.1402
67.1979
67.2366
67.256
67.256
67.2366
67.1979
67.1402
67.0637
66.969
66.8565
66.7269
66.5811
66.4199
90.9218
91.1484
91.3533
91.5355
91.6936
91.8269
91.9344
92.0156
92.0699
92.0972
92.0972
92.0699
92.0156
91.9344
91.8269
91.6936
91.5355
91.3533
91.1484
90.9218
114.521
114.814
115.08
115.316
115.521
115.693
115.833
115.938
116.008
116.044
116.044
116.008
115.938
115.833
115.693
115.521
115.316
115.08
114.814
114.521
137.356
137.719
138.047
138.339
138.593
138.806
138.979
139.109
139.196
139.24
139.24
139.196
139.109
138.979
138.806
138.593
138.339
138.047
137.719
137.356
159.556
159.991
160.385
160.735
161.039
161.296
161.503
161.659
161.764
161.816
161.816
161.764
161.659
161.503
161.296
161.039
160.735
160.385
159.991
159.556
181.234
181.745
182.208
182.619
182.977
183.278
183.521
183.705
183.828
183.89
183.89
183.828
183.705
183.521
183.278
182.977
182.619
182.208
181.745
181.234
202.491
203.082
203.617
204.093
204.507
204.856
205.138
205.35
205.493
205.564
205.564
205.493
205.35
205.138
204.856
204.507
204.093
203.617
203.082
202.491
223.414
224.089
224.702
225.246
225.72
226.119
226.442
226.686
226.849
226.931
226.931
226.849
226.686
226.442
226.119
225.72
225.246
224.702
224.089
223.414
244.08
244.845
245.539
246.156
246.693
247.147
247.513
247.789
247.975
248.067
248.067
247.975
247.789
247.513
247.147
246.693
246.156
245.539
244.845
244.08
264.553
265.414
266.195
266.89
267.494
268.005
268.417
268.728
268.937
269.042
269.042
268.937
268.728
268.417
268.005
267.494
266.89
266.195
265.414
264.553
284.891
285.853
286.726
287.503
288.18
288.751
289.212
289.561
289.795
289.912
289.912
289.795
289.561
289.212
288.751
288.18
287.503
286.726
285.853
284.891
305.141
306.211
307.182
308.047
308.8
309.436
309.95
310.338
310.599
310.729
310.729
310.599
310.338
309.95
309.436
308.8
308.047
307.182
306.211
305.141
325.344
326.529
327.605
328.564
329.398
330.103
330.673
331.104
331.392
331.537
331.537
331.392
331.104
330.673
330.103
329.398
328.564
327.605
326.529
325.344
345.537
346.845
348.033
349.091
350.013
350.791
351.421
351.897
352.216
352.376
352.376
352.216
351.897
351.421
350.791
350.013
349.091
348.033
346.845
345.537
365.752
367.192
368.499
369.664
370.678
371.536
372.229
372.753
373.104
373.281
373.281
373.104
372.753
372.229
371.536
370.678
369.664
368.499
367.192
365.752
386.019
387.599
389.034
390.313
391.428
392.369
393.131
393.707
394.093
394.286
394.286
394.093
393.707
393.131
392.369
391.428
390.313
389.034
387.599
386.019
406.364
408.095
409.668
411.07
412.291
413.324
414.158
414.79
415.213
415.425
415.425
415.213
414.79
414.158
413.324
412.291
411.07
409.668
408.095
406.364
426.815
428.708
430.429
431.963
433.3
434.43
435.343
436.034
436.497
436.73
436.73
436.497
436.034
435.343
434.43
433.3
431.963
430.429
428.708
426.815
447.396
449.466
451.347
453.024
454.486
455.72
456.718
457.473
457.979
458.233
458.233
457.979
457.473
456.718
455.72
454.486
453.024
451.347
449.466
447.396
468.134
470.396
472.451
474.283
475.879
477.227
478.317
479.14
479.693
479.969
479.969
479.693
479.14
478.317
477.227
475.879
474.283
472.451
470.396
468.134
489.058
491.528
493.773
495.774
497.516
498.987
500.175
501.073
501.675
501.976
501.976
501.675
501.073
500.175
498.987
497.516
495.774
493.773
491.528
489.058
510.197
512.897
515.348
517.533
519.434
521.038
522.333
523.311
523.966
524.294
524.294
523.966
523.311
522.333
521.038
519.434
517.533
515.348
512.897
510.197
531.585
534.537
537.216
539.602
541.676
543.424
544.834
545.898
546.611
546.968
546.968
546.611
545.898
544.834
543.424
541.676
539.602
537.216
534.537
531.585
553.26
556.491
559.42
562.027
564.29
566.194
567.729
568.885
569.659
570.046
570.046
569.659
568.885
567.729
566.194
564.29
562.027
559.42
556.491
553.26
575.266
578.806
582.014
584.863
587.332
589.405
591.073
592.328
593.166
593.585
593.585
593.166
592.328
591.073
589.405
587.332
584.863
582.014
578.806
575.266
597.655
601.542
605.058
608.173
610.866
613.121
614.93
616.289
617.195
617.648
617.648
617.195
616.289
614.93
613.121
610.866
608.173
605.058
601.542
597.655
620.488
624.766
628.625
632.033
634.968
637.418
639.376
640.842
641.817
642.304
642.304
641.817
640.842
639.376
637.418
634.968
632.033
628.625
624.766
620.488
643.843
648.564
652.806
656.535
659.731
662.384
664.495
666.069
667.114
667.634
667.634
667.114
666.069
664.495
662.384
659.731
656.535
652.806
648.564
643.843
667.814
673.039
677.71
681.789
685.26
688.123
690.387
692.066
693.176
693.728
693.728
693.176
692.066
690.387
688.123
685.26
681.789
677.71
673.039
667.814
692.52
698.325
703.475
707.931
711.688
714.757
717.165
718.94
720.107
720.685
720.685
720.107
718.94
717.165
714.757
711.688
707.931
703.475
698.325
692.52
718.114
724.59
730.273
735.129
739.168
742.429
744.959
746.809
748.017
748.614
748.614
748.017
746.809
744.959
742.429
739.168
735.129
730.273
724.59
718.114
744.798
752.058
758.327
763.588
767.887
771.3
773.913
775.802
777.027
777.629
777.629
777.027
775.802
773.913
771.3
767.887
763.588
758.327
752.058
744.798
772.845
781.026
787.923
793.563
798.059
801.553
804.181
806.055
807.258
807.847
807.847
807.258
806.055
804.181
801.553
798.059
793.563
787.923
781.026
772.845
802.641
811.906
819.434
825.361
829.928
833.378
835.917
837.699
838.831
839.38
839.38
838.831
837.699
835.917
833.378
829.928
825.361
819.434
811.906
802.641
834.769
845.293
853.346
859.34
863.75
866.964
869.268
870.855
871.851
872.331
872.331
871.851
870.855
869.268
866.964
863.75
859.34
853.346
845.293
834.769
870.212
882.079
890.276
895.884
899.76
902.465
904.346
905.616
906.404
906.781
906.781
906.404
905.616
904.346
902.465
899.76
895.884
890.276
882.079
870.212
910.922
923.642
930.927
935.311
938.104
939.958
941.21
942.039
942.548
942.79
942.79
942.548
942.039
941.21
939.958
938.104
935.311
930.927
923.642
910.922
961.772
971.942
975.803
977.664
978.728
979.4
979.843
980.133
980.309
980.393
980.393
980.309
980.133
979.843
979.4
978.728
977.664
975.803
971.942
961.772
14.0504
14.0124
13.972
13.9293
13.8846
13.8381
13.7901
13.7406
13.69
13.6385
13.5861
13.5332
13.4798
13.4263
13.3729
13.3196
13.2668
13.2145
13.1631
13.1126
13.0632
13.015
12.9683
12.9231
12.8796
12.8378
12.798
12.7602
12.7246
12.6911
12.6601
12.6315
12.6053
12.5818
12.5609
12.5426
12.5271
12.5142
12.5042
12.4977
40.7572
40.6439
40.5231
40.3957
40.2622
40.1234
39.9798
39.8322
39.6812
39.5273
39.3711
39.2132
39.0543
38.8949
38.7356
38.577
38.4198
38.2643
38.1113
37.9611
37.8143
37.6712
37.5324
37.3981
37.2689
37.1451
37.027
36.915
36.8094
36.7105
36.6185
36.5338
36.4566
36.3869
36.3252
36.2714
36.2257
36.1884
36.1605
36.1442
66.2444
66.0554
65.8542
65.6419
65.4195
65.1882
64.9491
64.7034
64.452
64.1961
63.9365
63.6741
63.41
63.1453
62.8808
62.6177
62.3568
62.099
61.8453
61.5964
61.3532
61.1163
60.8865
60.6644
60.4507
60.246
60.0508
59.8658
59.6914
59.5281
59.3764
59.2367
59.1093
58.9946
58.8929
58.8045
58.7296
58.669
58.624
58.5979
90.6751
90.4097
90.127
89.8288
89.5165
89.1919
88.8564
88.5117
88.1593
87.8007
87.4371
87.07
86.7007
86.3305
85.961
85.5934
85.2291
84.8694
84.5154
84.1684
83.8293
83.4993
83.1793
82.8702
82.5729
82.2882
82.0169
81.7599
81.5177
81.291
81.0805
80.8868
80.7102
80.5513
80.4105
80.2882
80.1849
80.1013
80.0394
80.0034
114.201
113.857
113.492
113.106
112.702
112.282
111.848
111.403
110.947
110.484
110.015
109.542
109.067
108.59
108.115
107.642
107.174
106.712
106.258
105.813
105.378
104.955
104.545
104.149
103.769
103.405
103.058
102.73
102.421
102.131
101.863
101.616
101.391
101.188
101.009
100.854
100.722
100.616
100.537
100.491
136.962
136.537
136.085
135.609
135.11
134.592
134.057
133.509
132.948
132.378
131.801
131.22
130.636
130.051
129.468
128.889
128.316
127.751
127.195
126.651
126.12
125.603
125.103
124.621
124.158
123.714
123.292
122.893
122.517
122.166
121.84
121.54
121.267
121.022
120.805
120.616
120.457
120.329
120.233
120.177
159.083
158.574
158.033
157.462
156.865
156.246
155.606
154.95
154.28
153.599
152.911
152.218
151.522
150.827
150.134
149.446
148.765
148.094
147.435
146.791
146.162
145.552
144.961
144.391
143.844
143.321
142.824
142.353
141.911
141.498
141.115
140.762
140.442
140.154
139.899
139.678
139.492
139.341
139.228
139.162
180.679
180.081
179.446
178.777
178.077
177.351
176.601
175.833
175.049
174.253
173.449
172.639
171.828
171.018
170.211
169.41
168.619
167.84
167.076
166.328
165.6
164.893
164.209
163.551
162.919
162.316
161.743
161.201
160.692
160.216
159.776
159.371
159.003
158.673
158.381
158.127
157.913
157.74
157.611
157.535
201.848
201.158
200.424
199.651
198.843
198.004
197.139
196.253
195.349
194.433
193.507
192.576
191.643
190.713
189.787
188.87
187.964
187.073
186.199
185.346
184.515
183.709
182.931
182.182
181.464
180.779
180.128
179.514
178.937
178.399
177.9
177.443
177.027
176.654
176.325
176.039
175.798
175.603
175.458
175.373
222.679
221.89
221.052
220.169
219.246
218.29
217.303
216.293
215.263
214.219
213.165
212.106
211.046
209.989
208.939
207.9
206.875
205.867
204.88
203.916
202.979
202.072
201.195
200.353
199.546
198.777
198.048
197.359
196.713
196.111
195.554
195.043
194.58
194.164
193.796
193.478
193.21
192.993
192.833
192.739
243.248
242.354
241.405
240.406
239.362
238.28
237.165
236.023
234.86
233.681
232.492
231.297
230.103
228.914
227.733
226.566
225.415
224.285
223.18
222.101
221.054
220.04
219.063
218.123
217.225
216.37
215.559
214.795
214.078
213.411
212.794
212.229
211.716
211.257
210.852
210.501
210.205
209.967
209.791
209.689
263.618
262.614
261.547
260.424
259.252
258.037
256.786
255.505
254.2
252.879
251.547
250.21
248.874
247.544
246.226
244.923
243.64
242.382
241.152
239.954
238.791
237.667
236.584
235.545
234.551
233.607
232.712
231.869
231.08
230.346
229.668
229.047
228.485
227.981
227.537
227.153
226.831
226.572
226.381
226.271
283.845
282.723
281.532
280.279
278.97
277.614
276.218
274.79
273.335
271.863
270.379
268.891
267.405
265.927
264.463
263.018
261.597
260.203
258.843
257.519
256.236
254.996
253.803
252.659
251.567
250.529
249.548
248.624
247.76
246.957
246.216
245.538
244.925
244.376
243.893
243.476
243.126
242.846
242.641
242.523
303.978
302.731
301.407
300.015
298.561
297.056
295.506
293.921
292.308
290.675
289.031
287.383
285.738
284.103
282.485
280.89
279.322
277.787
276.289
274.834
273.424
272.063
270.755
269.502
268.308
267.174
266.102
265.095
264.153
263.279
262.473
261.736
261.07
260.475
259.952
259.502
259.125
258.824
258.604
258.48
324.057
322.677
321.212
319.671
318.064
316.399
314.687
312.935
311.153
309.35
307.536
305.718
303.905
302.105
300.325
298.571
296.849
295.164
293.523
291.928
290.386
288.899
287.471
286.104
284.803
283.569
282.403
281.309
280.287
279.339
278.466
277.669
276.95
276.307
275.743
275.259
274.854
274.532
274.299
274.168
344.117
342.595
340.98
339.281
337.51
335.677
333.79
331.861
329.901
327.918
325.923
323.926
321.935
319.96
318.008
316.087
314.202
312.361
310.568
308.828
307.147
305.528
303.974
302.49
301.077
299.738
298.475
297.291
296.186
295.162
294.22
293.361
292.586
291.895
291.29
290.77
290.338
289.995
289.749
289.612
364.191
362.516
360.741
358.874
356.928
354.914
352.843
350.726
348.575
346.401
344.215
342.028
339.849
337.689
335.556
333.458
331.403
329.396
327.445
325.553
323.727
321.97
320.285
318.677
317.149
315.702
314.338
313.06
311.87
310.767
309.754
308.831
307.999
307.259
306.61
306.055
305.595
305.232
304.972
304.83
384.305
382.468
380.521
378.475
376.342
374.135
371.867
369.55
367.196
364.819
362.43
360.041
357.664
355.308
352.985
350.701
348.467
346.287
344.169
342.119
340.141
338.239
336.419
334.683
333.034
331.475
330.007
328.633
327.353
326.169
325.083
324.094
323.204
322.413
321.721
321.13
320.641
320.258
319.985
319.837
404.487
402.476
400.344
398.105
395.772
393.359
390.88
388.349
385.78
383.186
380.582
377.98
375.393
372.831
370.307
367.828
365.405
363.044
360.752
358.536
356.4
354.349
352.388
350.519
348.745
347.069
345.494
344.02
342.649
341.382
340.22
339.163
338.213
337.37
336.635
336.007
335.49
335.085
334.8
334.646
424.761
422.562
420.231
417.784
415.236
412.603
409.898
407.139
404.34
401.516
398.683
395.855
393.045
390.267
387.531
384.847
382.226
379.676
377.203
374.813
372.513
370.307
368.199
366.192
364.29
362.494
360.807
359.231
357.766
356.413
355.174
354.048
353.037
352.141
351.361
350.696
350.15
349.725
349.426
349.267
445.151
442.748
440.203
437.532
434.753
431.881
428.935
425.93
422.886
419.817
416.741
413.673
410.629
407.621
404.662
401.764
398.936
396.187
393.525
390.956
388.485
386.118
383.858
381.71
379.675
377.756
375.954
374.272
372.711
371.271
369.952
368.756
367.683
366.733
365.907
365.205
364.63
364.183
363.873
363.708
465.682
463.058
460.28
457.366
454.336
451.207
448
444.733
441.426
438.095
434.761
431.439
428.146
424.896
421.704
418.58
415.536
412.581
409.722
406.966
404.319
401.785
399.369
397.074
394.903
392.857
390.939
389.149
387.489
385.959
384.56
383.293
382.156
381.151
380.279
379.539
378.935
378.468
378.144
377.974
486.38
483.515
480.482
477.304
474.001
470.594
467.105
463.555
459.965
456.355
452.745
449.154
445.598
442.094
438.656
435.296
432.026
428.856
425.793
422.843
420.014
417.309
414.732
412.287
409.976
407.8
405.763
403.863
402.103
400.482
399.001
397.66
396.46
395.4
394.481
393.703
393.069
392.581
392.245
392.069
507.271
504.141
500.83
497.362
493.761
490.052
486.258
482.402
478.509
474.599
470.695
466.817
462.984
459.211
455.515
451.909
448.404
445.01
441.735
438.586
435.569
432.688
429.946
427.347
424.893
422.586
420.426
418.415
416.552
414.839
413.276
411.861
410.596
409.481
408.515
407.699
407.035
406.527
406.178
405.997
528.386
524.963
521.344
517.558
513.631
509.59
505.464
501.278
497.057
492.826
488.609
484.426
480.299
476.244
472.278
468.414
464.665
461.039
457.545
454.191
450.98
447.919
445.009
442.253
439.653
437.212
434.928
432.804
430.838
429.032
427.385
425.896
424.566
423.395
422.382
421.528
420.835
420.305
419.943
419.757
549.757
546.01
542.05
537.911
533.623
529.219
524.73
520.184
515.61
511.034
506.481
501.975
497.537
493.185
488.936
484.804
480.8
476.935
473.217
469.651
466.243
462.996
459.915
456.999
454.253
451.675
449.266
447.028
444.959
443.059
441.327
439.764
438.369
437.142
436.082
435.19
434.468
433.917
433.543
433.35
571.424
567.314
562.973
558.44
553.753
548.947
544.059
539.12
534.163
529.215
524.305
519.455
514.689
510.025
505.481
501.069
496.803
492.691
488.74
484.958
481.348
477.914
474.658
471.582
468.686
465.971
463.437
461.084
458.91
456.916
455.101
453.464
452.004
450.721
449.614
448.685
447.933
447.362
446.974
446.777
593.431
588.912
584.143
579.168
574.033
568.781
563.452
558.084
552.711
547.363
542.069
536.855
531.742
526.751
521.899
517.198
512.66
508.294
504.107
500.104
496.29
492.665
489.233
485.994
482.948
480.096
477.435
474.967
472.69
470.602
468.704
466.992
465.468
464.129
462.977
462.01
461.229
460.638
460.238
460.034
615.833
610.849
605.592
600.116
594.476
588.725
582.909
577.069
571.242
565.463
559.76
554.158
548.681
543.349
538.176
533.176
528.359
523.734
519.305
515.079
511.056
507.24
503.63
500.228
497.032
494.042
491.256
488.674
486.293
484.113
482.131
480.346
478.758
477.365
476.167
475.163
474.354
473.742
473.33
473.121
638.693
633.176
627.357
621.308
615.096
608.783
602.423
596.063
589.743
583.498
577.357
571.347
565.487
559.798
554.294
548.987
543.885
538.995
534.322
529.869
525.638
521.629
517.842
514.276
510.931
507.804
504.893
502.198
499.715
497.442
495.379
493.522
491.872
490.425
489.182
488.142
487.305
486.674
486.249
486.034
662.093
655.954
649.483
642.771
635.902
628.952
621.983
615.049
608.192
601.445
594.838
588.396
582.137
576.079
570.234
564.611
559.219
554.062
549.142
544.462
540.022
535.82
531.857
528.129
524.636
521.373
518.34
515.533
512.949
510.587
508.443
506.516
504.804
503.305
502.018
500.943
500.079
499.428
498.991
498.77
686.13
679.258
672.018
664.529
656.9
649.223
641.571
634.002
626.559
619.274
612.173
605.277
598.604
592.165
585.971
580.029
574.343
568.917
563.751
558.844
554.196
549.804
545.666
541.778
538.139
534.743
531.589
528.673
525.991
523.54
521.318
519.323
517.551
516.001
514.672
513.562
512.672
512.002
511.553
511.327
710.931
703.177
695.015
686.604
678.087
669.576
661.155
652.885
644.806
636.945
629.323
621.956
614.855
608.027
601.48
595.216
589.237
583.542
578.131
573
568.147
563.567
559.258
555.214
551.431
547.906
544.634
541.611
538.833
536.297
534
531.937
530.108
528.509
527.139
525.996
525.081
524.392
523.931
523.7
736.654
727.82
718.53
709.009
699.445
689.974
680.689
671.647
662.881
654.411
646.245
638.392
630.854
623.633
616.731
610.146
603.876
597.917
592.265
586.914
581.861
577.098
572.622
568.425
564.504
560.853
557.467
554.341
551.471
548.852
546.482
544.355
542.47
540.824
539.415
538.241
537.301
536.594
536.122
535.886
763.509
753.313
742.614
731.738
720.932
710.356
700.103
690.219
680.721
671.611
662.885
654.537
646.56
638.948
631.695
624.794
618.238
612.021
606.134
600.571
595.323
590.384
585.746
581.404
577.349
573.577
570.081
566.856
563.897
561.2
558.759
556.572
554.634
552.943
551.496
550.291
549.328
548.605
548.122
547.88
791.772
779.795
767.293
754.745
742.464
730.624
719.3
708.51
698.244
688.476
679.183
670.34
661.928
653.932
646.336
639.129
632.298
625.832
619.721
613.953
608.52
603.413
598.621
594.139
589.957
586.069
582.469
579.15
576.107
573.334
570.827
568.582
566.593
564.86
563.377
562.144
561.159
560.42
559.927
559.68
821.817
807.4
792.533
777.907
763.889
750.626
738.143
726.403
715.35
704.923
695.069
685.743
676.911
668.545
660.623
653.124
646.032
639.33
633.006
627.046
621.438
616.172
611.236
606.621
602.32
598.323
594.625
591.217
588.094
585.25
582.68
580.38
578.345
576.571
575.055
573.795
572.789
572.035
571.532
571.281
854.139
836.18
818.154
800.971
784.959
770.149
756.457
743.758
731.928
720.861
710.47
700.686
691.459
682.747
674.519
666.749
659.414
652.494
645.973
639.834
634.064
628.65
623.579
618.842
614.429
610.331
606.541
603.05
599.853
596.943
594.315
591.963
589.883
588.072
586.525
585.24
584.215
583.447
582.935
582.679
889.32
865.89
843.668
823.468
805.295
788.905
774.027
760.411
747.854
736.196
725.312
715.111
705.523
696.498
687.993
679.977
672.422
665.304
658.604
652.303
646.385
640.835
635.642
630.793
626.278
622.087
618.212
614.645
611.379
608.408
605.725
603.326
601.205
599.359
597.784
596.476
595.432
594.651
594.131
593.871
927.476
895.394
868.01
844.635
824.384
806.55
790.615
776.196
763.006
750.834
739.523
728.96
719.06
709.761
701.015
692.784
685.035
677.743
670.884
664.439
658.389
652.719
647.416
642.466
637.859
633.584
629.632
625.996
622.668
619.64
616.908
614.465
612.307
610.429
608.827
607.498
606.438
605.645
605.118
604.854
615.624
615.891
616.425
617.229
618.304
619.652
621.278
623.185
625.377
627.86
630.637
633.714
637.099
640.797
644.817
649.166
653.855
658.893
664.292
670.066
676.23
682.799
689.793
697.234
705.146
713.559
722.506
732.031
742.186
753.043
764.696
777.275
790.96
805.999
822.735
841.649
863.452
889.294
921.337
964.735
626.179
626.449
626.989
627.802
628.89
630.256
631.904
633.836
636.059
638.576
641.393
644.515
647.949
651.701
655.78
660.194
664.952
670.065
675.546
681.408
687.667
694.338
701.444
709.005
717.048
725.603
734.707
744.405
754.753
765.826
777.723
790.583
804.595
820.019
837.212
856.661
879.054
905.393
937.146
976.296
636.515
636.788
637.333
638.155
639.254
640.636
642.302
644.258
646.507
649.055
651.906
655.067
658.543
662.341
666.47
670.937
675.753
680.928
686.475
692.408
698.741
705.493
712.683
720.335
728.475
737.134
746.348
756.164
766.637
777.843
789.883
802.891
817.054
832.62
849.921
869.386
891.562
917.127
946.81
981.054
646.631
646.906
647.456
648.285
649.395
650.789
652.472
654.448
656.72
659.294
662.174
665.366
668.877
672.713
676.882
681.392
686.254
691.477
697.074
703.059
709.447
716.256
723.506
731.219
739.421
748.143
757.421
767.299
777.831
789.09
801.17
814.2
828.35
843.845
860.969
880.067
901.54
925.801
953.167
983.613
656.525
656.801
657.355
658.19
659.308
660.714
662.411
664.403
666.694
669.29
672.194
675.412
678.95
682.815
687.014
691.556
696.451
701.708
707.339
713.359
719.782
726.625
733.908
741.652
749.883
758.629
767.925
777.812
788.34
799.577
811.607
824.548
838.549
853.804
870.547
889.048
909.59
932.425
957.689
985.276
666.194
666.472
667.029
667.869
668.994
670.409
672.118
674.123
676.429
679.041
681.963
685.2
688.759
692.644
696.864
701.427
706.342
711.618
717.269
723.306
729.743
736.599
743.89
751.637
759.864
768.597
777.869
787.715
798.183
809.33
821.234
833.994
847.741
862.636
878.872
896.657
916.199
937.662
961.118
986.487
675.637
675.916
676.476
677.32
678.451
679.873
681.59
683.605
685.923
688.547
691.481
694.731
698.301
702.199
706.43
711.002
715.925
721.208
726.862
732.899
739.333
746.179
753.454
761.177
769.37
778.057
787.265
797.028
807.385
818.388
830.101
842.612
856.03
870.49
886.149
903.176
921.729
941.934
963.847
987.434
684.854
685.134
685.695
686.542
687.677
689.104
690.828
692.85
695.174
697.805
700.746
704.002
707.577
711.478
715.71
720.282
725.201
730.477
736.119
742.14
748.552
755.368
762.606
770.28
778.412
787.021
796.133
805.775
815.98
826.793
838.269
850.48
863.519
877.5
892.555
908.824
926.44
945.51
966.097
988.207
693.843
694.123
694.685
695.534
696.672
698.103
699.829
701.855
704.183
706.816
709.758
713.013
716.585
720.481
724.706
729.266
734.17
739.426
745.043
751.033
757.405
764.174
771.353
778.957
787.003
795.508
804.494
813.984
824.005
834.593
845.796
857.673
870.304
883.787
898.236
913.772
930.515
948.567
968.003
988.859
702.604
702.884
703.447
704.296
705.435
706.867
708.595
710.621
712.947
715.578
718.515
721.763
725.326
729.208
733.416
737.955
742.833
748.057
753.637
759.58
765.899
772.603
779.706
787.219
795.158
803.537
812.373
821.685
831.496
841.835
852.74
864.264
876.473
889.455
903.31
918.15
934.087
951.225
969.649
989.42
711.137
711.416
711.979
712.828
713.966
715.398
717.124
719.146
721.468
724.091
727.018
730.252
733.798
737.659
741.842
746.351
751.192
756.374
761.904
767.789
774.039
780.664
787.675
795.081
802.895
811.128
819.795
828.911
838.492
848.563
859.157
870.316
882.101
894.589
907.873
922.058
937.254
953.568
971.094
989.912
719.44
719.719
720.281
721.129
722.266
723.694
725.415
727.431
729.744
732.354
735.265
738.48
742.002
745.836
749.985
754.454
759.251
764.38
769.849
775.664
781.834
788.367
795.271
802.556
810.23
818.303
826.786
835.69
845.029
854.821
865.095
875.887
887.252
899.26
912
925.573
940.087
955.655
972.377
990.348
727.516
727.794
728.354
729.2
730.333
731.757
733.471
735.476
737.775
740.369
743.259
746.448
749.94
753.739
757.847
762.27
767.012
772.08
777.478
783.214
789.293
795.722
802.509
809.659
817.182
825.083
833.37
842.052
851.14
860.648
870.599
881.027
891.981
903.528
915.752
928.754
942.642
957.53
973.529
990.739
735.363
735.64
736.198
737.041
738.169
739.585
741.289
743.281
745.562
748.134
750.999
754.157
757.613
761.37
765.431
769.799
774.481
779.479
784.798
790.445
796.424
802.74
809.399
816.407
823.768
831.488
839.572
848.026
856.857
866.078
875.709
885.779
896.335
907.441
919.179
931.648
944.959
959.229
974.57
991.093
742.982
743.258
743.814
744.652
745.774
747.18
748.871
750.846
753.106
755.652
758.485
761.608
765.023
768.732
772.739
777.048
781.661
786.582
791.816
797.366
803.237
809.433
815.957
822.814
830.007
837.54
845.415
853.636
862.21
871.145
880.459
890.181
900.354
911.041
922.321
934.294
947.073
960.775
975.517
991.415
750.375
750.649
751.202
752.034
753.148
754.543
756.217
758.172
760.407
762.923
765.721
768.803
772.172
775.829
779.777
784.019
788.558
793.396
798.538
803.986
809.742
815.811
822.195
828.895
835.915
843.256
850.919
858.907
867.224
875.877
884.882
894.266
904.072
914.36
925.21
936.722
949.009
962.19
976.383
991.709
757.542
757.814
758.363
759.189
760.292
761.672
763.328
765.259
767.466
769.948
772.707
775.744
779.062
782.662
786.546
790.717
795.177
799.928
804.973
810.312
815.95
821.887
828.125
834.665
841.509
848.655
856.106
863.861
871.923
880.299
889.004
898.063
907.517
917.428
927.874
938.957
950.79
963.49
977.179
991.979
764.483
764.754
765.298
766.116
767.207
768.571
770.205
772.11
774.284
776.729
779.446
782.434
785.698
789.237
793.053
797.149
801.526
806.185
811.127
816.355
821.87
827.671
833.761
840.138
846.803
853.755
860.993
868.517
876.329
884.434
892.848
901.594
910.714
920.268
930.336
941.019
952.431
964.688
977.912
992.228
771.202
771.47
772.008
772.817
773.895
775.24
776.85
778.725
780.865
783.269
785.94
788.877
792.082
795.557
799.302
803.319
807.609
812.172
817.01
822.123
827.512
833.175
839.114
845.327
851.813
858.571
865.598
872.894
880.461
888.304
896.436
904.882
913.684
922.901
932.614
942.926
953.947
965.794
978.589
992.458
777.698
777.963
778.495
779.294
780.356
781.68
783.264
785.107
787.209
789.571
792.193
795.075
798.22
801.627
805.298
809.234
813.434
817.899
822.63
827.626
832.886
838.41
844.197
850.245
856.552
863.117
869.937
877.01
884.337
891.925
899.786
907.945
916.444
925.344
934.727
944.693
955.351
966.818
979.215
992.672
783.974
784.236
784.761
785.547
786.592
787.894
789.449
791.259
793.321
795.637
798.208
801.033
804.115
807.452
811.047
814.899
819.007
823.372
827.994
832.871
838.002
843.385
849.02
854.904
861.034
867.408
874.024
880.878
887.973
895.314
902.914
910.799
919.012
927.613
936.687
946.331
956.653
967.768
979.796
992.869
790.031
790.29
790.807
791.58
792.606
793.883
795.409
797.182
799.203
801.472
803.989
806.756
809.772
813.038
816.554
820.32
824.336
828.599
833.11
837.867
842.868
848.112
853.595
859.316
865.271
871.457
877.872
884.514
891.383
898.485
905.835
913.46
921.401
929.722
938.507
947.851
957.861
968.649
980.336
993.053
795.873
796.127
796.636
797.395
798.401
799.651
801.145
802.881
804.859
807.078
809.541
812.247
815.197
818.39
821.826
825.505
829.426
833.587
837.987
842.624
847.495
852.599
857.932
863.491
869.274
875.276
881.495
887.929
894.579
901.452
908.563
915.939
923.624
931.684
940.199
949.264
958.983
969.468
980.838
993.224
801.5
801.751
802.249
802.993
803.978
805.201
806.662
808.359
810.292
812.461
814.868
817.512
820.394
823.512
826.868
830.459
834.285
838.343
842.632
847.148
851.891
856.855
862.04
867.44
873.053
878.875
884.903
891.135
897.574
904.227
911.109
918.249
925.694
933.508
941.772
950.578
960.027
970.23
981.305
993.383
806.917
807.163
807.651
808.379
809.341
810.536
811.963
813.619
815.507
817.625
819.975
822.556
825.368
828.412
831.686
835.189
838.919
842.875
847.052
851.449
856.063
860.891
865.928
871.172
876.619
882.264
888.107
894.144
900.379
906.82
913.484
920.402
927.621
935.206
943.236
951.8
960.999
970.939
981.74
993.532
812.126
812.367
812.844
813.555
814.494
815.66
817.051
818.667
820.508
822.574
824.866
827.383
830.127
833.095
836.287
839.702
843.336
847.189
851.256
855.535
860.022
864.714
869.607
874.697
879.981
885.455
891.116
896.965
903.004
909.242
915.699
922.408
929.416
936.787
944.598
952.938
961.904
971.601
982.146
993.67
817.131
817.366
817.832
818.525
819.44
820.577
821.932
823.506
825.3
827.314
829.547
832.001
834.674
837.566
840.677
844.003
847.542
851.292
855.25
859.411
863.773
868.332
873.083
878.023
883.148
888.455
893.942
899.608
905.459
911.504
917.766
924.278
931.088
938.259
945.868
953.999
962.748
972.218
982.525
993.8
821.935
822.164
822.618
823.293
824.184
825.29
826.609
828.142
829.888
831.848
834.023
836.413
839.016
841.833
844.861
848.099
851.544
855.192
859.041
863.087
867.326
871.753
876.365
881.158
886.129
891.274
896.591
902.083
907.753
913.616
919.694
926.021
932.646
939.631
947.051
954.988
963.535
972.795
982.879
993.921
826.541
826.765
827.207
827.863
828.73
829.805
831.088
832.578
834.277
836.184
838.3
840.625
843.159
845.9
848.847
851.997
855.348
858.896
862.638
866.569
870.687
874.985
879.462
884.112
888.932
893.92
899.075
904.398
909.898
915.588
921.492
927.646
934.099
940.912
948.156
955.913
964.272
973.335
983.211
994.035
830.955
831.172
831.602
832.24
833.082
834.126
835.373
836.821
838.472
840.326
842.384
844.645
847.108
849.774
852.64
855.703
858.961
862.41
866.046
869.865
873.863
878.036
882.38
886.891
891.566
896.403
901.401
906.565
911.902
917.429
923.171
929.164
935.456
942.108
949.189
956.778
964.963
973.842
983.524
994.142
835.179
835.39
835.808
836.427
837.244
838.258
839.468
840.875
842.478
844.279
846.279
848.476
850.871
853.461
856.247
859.224
862.39
865.741
869.273
872.982
876.864
880.914
885.129
889.505
894.039
898.731
903.58
908.592
913.776
919.15
924.74
930.583
936.726
943.228
950.158
957.591
965.613
974.319
983.818
994.242
839.219
839.424
839.829
840.43
841.222
842.206
843.38
844.745
846.302
848.05
849.992
852.126
854.452
856.968
859.674
862.566
865.641
868.896
872.326
875.927
879.695
883.626
887.716
891.962
896.361
900.914
905.621
910.489
915.529
920.76
926.208
931.911
937.916
944.28
951.069
958.357
966.226
974.77
984.096
994.338
843.078
843.278
843.67
844.252
845.021
845.974
847.113
848.437
849.947
851.644
853.528
855.599
857.858
860.301
862.928
865.736
868.722
871.882
875.212
878.708
882.366
886.181
890.15
894.271
898.541
902.961
907.534
912.266
917.172
922.269
927.586
933.159
939.036
945.272
951.929
959.081
966.807
975.198
984.361
994.429
846.762
846.956
847.336
847.9
848.645
849.569
850.673
851.956
853.42
855.066
856.894
858.904
861.095
863.466
866.016
868.742
871.64
874.708
877.94
881.334
884.884
888.587
892.44
896.441
900.587
904.882
909.328
913.934
918.713
923.686
928.881
934.336
940.094
946.21
952.746
959.77
967.361
975.607
984.614
994.516
850.275
850.462
850.831
851.378
852.099
852.994
854.064
855.308
856.727
858.323
860.096
862.045
864.17
866.471
868.945
871.59
874.403
877.38
880.518
883.812
887.258
890.854
894.595
898.481
902.511
906.687
911.014
915.501
920.164
925.022
930.105
935.449
941.098
947.103
953.525
960.429
967.892
975.999
984.857
994.599
853.622
853.803
854.16
854.689
855.388
856.256
857.292
858.498
859.874
861.42
863.139
865.029
867.09
869.321
871.721
874.288
877.017
879.906
882.952
886.15
889.497
892.989
896.624
900.401
904.321
908.386
912.602
916.98
921.534
926.287
931.267
936.509
942.056
947.958
954.273
961.064
968.404
976.379
985.092
994.68
856.806
856.982
857.328
857.84
858.517
859.358
860.362
861.531
862.864
864.364
866.029
867.862
869.861
872.025
874.353
876.842
879.491
882.296
885.252
888.358
891.609
895.003
898.537
902.212
906.029
909.99
914.103
918.38
922.835
927.491
932.375
937.524
942.977
948.783
954.996
961.68
968.903
976.749
985.322
994.759
859.832
860.003
860.338
860.835
861.491
862.306
863.28
864.413
865.705
867.159
868.774
870.551
872.489
874.588
876.846
879.262
881.833
884.555
887.427
890.444
893.604
896.905
900.345
903.924
907.644
911.509
915.528
919.711
924.075
928.643
933.44
938.502
943.868
949.583
955.701
962.281
969.39
977.111
985.547
994.837
862.705
862.87
863.196
863.678
864.314
865.105
866.049
867.148
868.402
869.811
871.378
873.101
874.981
877.018
879.209
881.554
884.05
886.695
889.485
892.419
895.493
898.705
902.056
905.546
909.177
912.954
916.886
920.984
925.266
929.752
934.469
939.451
944.736
950.367
956.393
962.873
969.872
977.469
985.769
994.913
865.428
865.589
865.905
866.373
866.991
867.759
868.675
869.742
870.959
872.327
873.847
875.519
877.344
879.321
881.449
883.726
886.151
888.722
891.435
894.29
897.283
900.414
903.682
907.089
910.638
914.335
918.187
922.208
926.414
930.827
935.472
940.38
945.588
951.138
957.077
963.46
970.349
977.825
985.991
994.99
868.006
868.162
868.469
868.924
869.525
870.271
871.163
872.199
873.381
874.71
876.187
877.811
879.584
881.504
883.572
885.785
888.144
890.644
893.286
896.066
898.985
902.04
905.232
908.564
912.038
915.661
919.441
923.393
927.531
931.876
936.454
941.294
946.431
951.904
957.758
964.045
970.826
978.18
986.212
995.066
870.441
870.593
870.892
871.335
871.921
872.647
873.515
874.523
875.674
876.966
878.402
879.982
881.706
883.574
885.585
887.739
890.035
892.471
895.045
897.758
900.606
903.592
906.715
909.977
913.384
916.94
920.657
924.545
928.621
932.906
937.422
942.198
947.268
952.666
958.438
964.63
971.304
978.537
986.434
995.143
872.738
872.886
873.178
873.61
874.181
874.89
875.736
876.719
877.84
879.1
880.498
882.037
883.716
885.535
887.494
889.594
891.832
894.208
896.721
899.371
902.156
905.078
908.138
911.339
914.684
918.182
921.84
925.672
929.693
933.922
938.381
943.098
948.103
953.43
959.12
965.219
971.785
978.895
986.657
995.22
874.898
875.043
875.328
875.751
876.31
877.002
877.829
878.79
879.884
881.114
882.479
883.98
885.618
887.393
889.305
891.354
893.54
895.862
898.319
900.912
903.641
906.506
909.51
912.655
915.946
919.391
922.998
926.779
930.75
934.928
939.336
943.996
948.939
954.196
959.805
965.81
972.269
979.256
986.882
995.298
876.925
877.066
877.346
877.761
878.309
878.987
879.797
880.738
881.809
883.012
884.347
885.815
887.417
889.152
891.022
893.026
895.165
897.438
899.846
902.388
905.066
907.881
910.834
913.93
917.174
920.572
924.133
927.87
931.796
935.928
940.286
944.894
949.777
954.965
960.494
966.405
972.755
979.619
987.107
995.376
878.82
878.959
879.235
879.642
880.18
880.847
881.642
882.565
883.617
884.797
886.106
887.545
889.114
890.815
892.648
894.613
896.71
898.94
901.304
903.802
906.435
909.206
912.116
915.169
918.371
921.728
925.249
928.946
932.832
936.922
941.234
945.791
950.616
955.736
961.185
967.002
973.242
979.982
987.333
995.454
880.586
880.724
880.995
881.397
881.927
882.584
883.367
884.275
885.309
886.47
887.757
889.171
890.713
892.384
894.185
896.116
898.178
900.371
902.697
905.157
907.752
910.484
913.356
916.373
919.538
922.86
926.347
930.008
933.857
937.908
942.177
946.685
951.453
956.506
961.874
967.597
973.727
980.343
987.558
995.532
882.224
882.36
882.628
883.025
883.549
884.198
884.971
885.868
886.888
888.032
889.301
890.695
892.214
893.861
895.635
897.537
899.569
901.731
904.025
906.453
909.015
911.715
914.556
917.541
920.676
923.967
927.423
931.053
934.869
938.884
943.112
947.572
952.284
957.27
962.558
968.186
974.208
980.7
987.78
995.609
883.736
883.871
884.136
884.529
885.048
885.691
886.456
887.344
888.353
889.485
890.739
892.116
893.618
895.244
896.996
898.875
900.883
903.02
905.288
907.689
910.224
912.898
915.712
918.671
921.78
925.046
928.475
932.077
935.863
939.844
944.033
948.447
953.103
958.022
963.23
968.765
974.679
981.05
987.998
995.684
885.122
885.256
885.519
885.91
886.425
887.063
887.823
888.703
889.704
890.826
892.069
893.434
894.922
896.533
898.268
900.129
902.118
904.235
906.482
908.862
911.377
914.029
916.821
919.759
922.847
926.091
929.497
933.075
936.832
940.781
944.933
949.301
953.902
958.755
963.885
969.327
975.135
981.389
988.208
995.757
886.383
886.516
886.778
887.167
887.68
888.314
889.07
889.946
890.941
892.056
893.291
894.647
896.125
897.725
899.448
901.296
903.27
905.372
907.604
909.968
912.466
915.102
917.878
920.799
923.869
927.095
930.481
934.036
937.769
941.687
945.802
950.126
954.673
959.46
964.513
969.865
975.571
981.712
988.409
995.827
887.519
887.651
887.913
888.3
888.812
889.444
890.197
891.07
892.062
893.173
894.403
895.753
897.224
898.816
900.531
902.37
904.335
906.427
908.648
911
913.487
916.11
918.874
921.782
924.838
928.048
931.418
934.953
938.661
942.551
946.63
950.911
955.405
960.129
965.107
970.373
975.982
982.016
988.598
995.892
888.53
888.662
888.923
889.31
889.821
890.453
891.204
892.076
893.066
894.174
895.402
896.749
898.216
899.804
901.514
903.348
905.307
907.392
909.606
911.952
914.43
917.045
919.8
922.698
925.744
928.942
932.296
935.813
939.5
943.362
947.407
951.646
956.088
960.752
965.658
970.843
976.362
982.298
988.773
995.953
889.417
889.549
889.81
890.197
890.707
891.338
892.09
892.961
893.95
895.058
896.285
897.631
899.097
900.683
902.391
904.223
906.179
908.261
910.472
912.813
915.288
917.898
920.647
923.538
926.575
929.763
933.104
936.606
940.271
944.107
948.121
952.319
956.714
961.32
966.16
971.271
976.707
982.553
988.931
996.008
890.18
890.311
890.572
890.959
891.469
892.1
892.852
893.723
894.713
895.822
897.049
898.396
899.862
901.449
903.157
904.989
906.945
909.027
911.237
913.577
916.049
918.657
921.402
924.289
927.32
930.499
933.83
937.317
940.964
944.777
948.76
952.922
957.273
961.826
966.607
971.65
977.012
982.779
989.071
996.056
890.817
890.948
891.209
891.596
892.106
892.738
893.49
894.362
895.353
896.463
897.692
899.04
900.508
902.096
903.807
905.64
907.597
909.681
911.892
914.232
916.705
919.312
922.056
924.94
927.967
931.14
934.462
937.937
941.568
945.359
949.316
953.445
957.757
962.265
966.993
971.978
977.276
982.974
989.192
996.098
891.329
891.46
891.721
892.107
892.618
893.25
894.003
894.876
895.868
896.979
898.21
899.56
901.03
902.621
904.334
906.17
908.13
910.216
912.429
914.772
917.246
919.854
922.598
925.481
928.505
931.674
934.989
938.454
942.071
945.845
949.78
953.882
958.16
962.63
967.314
972.25
977.496
983.136
989.293
996.133
891.715
891.846
892.107
892.493
893.003
893.635
894.388
895.262
896.255
897.368
898.601
899.953
901.426
903.02
904.735
906.574
908.537
910.626
912.842
915.187
917.664
920.274
923.019
925.902
928.925
932.09
935.401
938.859
942.466
946.227
950.144
954.225
958.477
962.917
967.567
972.465
977.669
983.264
989.372
996.16
891.974
892.106
892.365
892.751
893.261
893.893
894.646
895.52
896.515
897.629
898.863
900.217
901.692
903.288
905.006
906.847
908.813
910.904
913.123
915.471
917.95
920.562
923.309
926.193
929.216
932.38
935.688
939.141
942.743
946.495
950.401
954.467
958.703
963.122
967.748
972.619
977.792
983.354
989.428
996.18
892.105
892.237
892.496
892.881
893.39
894.022
894.775
895.65
896.644
897.759
898.994
900.349
901.825
903.422
905.142
906.985
908.952
911.045
913.266
915.616
918.097
920.71
923.459
926.343
929.367
932.532
935.839
939.291
942.89
946.638
950.539
954.599
958.825
963.234
967.847
972.703
977.86
983.403
989.458
996.191
964.735
921.337
889.294
863.452
841.649
822.735
805.999
790.96
777.275
764.696
753.043
742.186
732.031
722.506
713.559
705.146
697.234
689.793
682.799
676.23
670.066
664.292
658.893
653.855
649.166
644.817
640.797
637.099
633.714
630.637
627.86
625.377
623.185
621.278
619.652
618.304
617.229
616.425
615.891
615.624
976.296
937.146
905.393
879.054
856.661
837.212
820.019
804.595
790.583
777.723
765.826
754.753
744.405
734.707
725.603
717.048
709.005
701.444
694.338
687.667
681.408
675.546
670.065
664.952
660.194
655.78
651.701
647.949
644.515
641.393
638.576
636.059
633.836
631.904
630.256
628.89
627.802
626.989
626.449
626.179
981.054
946.81
917.127
891.562
869.386
849.921
832.62
817.054
802.891
789.883
777.843
766.637
756.164
746.348
737.134
728.475
720.335
712.683
705.493
698.741
692.408
686.475
680.928
675.753
670.937
666.47
662.341
658.543
655.067
651.906
649.055
646.507
644.258
642.302
640.636
639.254
638.155
637.333
636.788
636.515
983.613
953.167
925.801
901.54
880.067
860.969
843.845
828.35
814.2
801.17
789.09
777.831
767.299
757.421
748.143
739.421
731.219
723.506
716.256
709.447
703.059
697.074
691.477
686.254
681.392
676.882
672.713
668.877
665.366
662.174
659.294
656.72
654.448
652.472
650.789
649.395
648.285
647.456
646.906
646.631
985.276
957.689
932.425
909.59
889.048
870.547
853.804
838.549
824.548
811.607
799.577
788.34
777.812
767.925
758.629
749.883
741.652
733.908
726.625
719.782
713.359
707.339
701.708
696.451
691.556
687.014
682.815
678.95
675.412
672.194
669.29
666.694
664.403
662.411
660.714
659.308
658.19
657.355
656.801
656.525
986.487
961.118
937.662
916.199
896.657
878.872
862.636
847.741
833.994
821.234
809.33
798.183
787.715
777.869
768.597
759.864
751.637
743.89
736.599
729.743
723.306
717.269
711.618
706.342
701.427
696.864
692.644
688.759
685.2
681.963
679.041
676.429
674.123
672.118
670.409
668.994
667.869
667.029
666.472
666.194
987.434
963.847
941.934
921.729
903.176
886.149
870.49
856.03
842.612
830.101
818.388
807.385
797.028
787.265
778.057
769.37
761.177
753.454
746.179
739.333
732.899
726.862
721.208
715.925
711.002
706.43
702.199
698.301
694.731
691.481
688.547
685.923
683.605
681.59
679.873
678.451
677.32
676.476
675.916
675.637
988.207
966.097
945.51
926.44
908.824
892.555
877.5
863.519
850.48
838.269
826.793
815.98
805.774
796.133
787.021
778.412
770.28
762.606
755.368
748.552
742.14
736.119
730.477
725.201
720.282
715.71
711.478
707.577
704.002
700.746
697.805
695.174
692.85
690.828
689.104
687.677
686.542
685.695
685.134
684.854
988.859
968.003
948.567
930.515
913.772
898.236
883.787
870.304
857.673
845.796
834.593
824.005
813.984
804.494
795.508
787.003
778.957
771.353
764.174
757.405
751.033
745.043
739.426
734.17
729.266
724.706
720.481
716.585
713.013
709.758
706.816
704.183
701.855
699.829
698.103
696.672
695.534
694.685
694.123
693.843
989.42
969.649
951.225
934.087
918.15
903.31
889.455
876.473
864.264
852.74
841.835
831.496
821.685
812.373
803.537
795.158
787.219
779.706
772.603
765.899
759.58
753.637
748.057
742.833
737.955
733.416
729.208
725.326
721.763
718.515
715.578
712.947
710.621
708.595
706.867
705.435
704.296
703.447
702.884
702.604
989.912
971.094
953.568
937.254
922.058
907.873
894.589
882.101
870.316
859.157
848.563
838.492
828.91
819.795
811.128
802.895
795.081
787.675
780.664
774.039
767.789
761.904
756.374
751.192
746.351
741.842
737.659
733.798
730.252
727.018
724.091
721.468
719.146
717.124
715.398
713.966
712.828
711.979
711.416
711.137
990.348
972.377
955.655
940.087
925.573
912
899.26
887.252
875.887
865.095
854.821
845.029
835.69
826.786
818.303
810.23
802.556
795.271
788.367
781.834
775.664
769.849
764.38
759.251
754.454
749.985
745.836
742.002
738.48
735.265
732.354
729.744
727.431
725.415
723.694
722.266
721.129
720.281
719.719
719.44
990.739
973.529
957.53
942.642
928.754
915.752
903.528
891.981
881.027
870.599
860.648
851.14
842.052
833.37
825.083
817.182
809.659
802.509
795.722
789.293
783.214
777.478
772.08
767.012
762.27
757.847
753.739
749.94
746.448
743.259
740.369
737.775
735.476
733.471
731.757
730.333
729.2
728.354
727.794
727.516
991.093
974.57
959.229
944.959
931.648
919.179
907.441
896.335
885.779
875.709
866.078
856.857
848.026
839.572
831.488
823.768
816.407
809.399
802.74
796.424
790.445
784.798
779.479
774.481
769.799
765.431
761.37
757.613
754.157
750.999
748.134
745.562
743.281
741.289
739.585
738.169
737.041
736.198
735.64
735.363
991.415
975.517
960.775
947.073
934.294
922.321
911.041
900.354
890.181
880.459
871.145
862.21
853.636
845.415
837.54
830.007
822.814
815.957
809.433
803.237
797.366
791.816
786.582
781.661
777.048
772.739
768.732
765.023
761.608
758.485
755.652
753.106
750.846
748.871
747.18
745.774
744.652
743.814
743.258
742.982
991.709
976.383
962.19
949.009
936.722
925.21
914.36
904.072
894.266
884.882
875.877
867.224
858.907
850.919
843.256
835.915
828.895
822.195
815.811
809.742
803.986
798.538
793.396
788.558
784.019
779.777
775.829
772.172
768.803
765.721
762.923
760.407
758.172
756.217
754.543
753.148
752.034
751.202
750.649
750.375
991.979
977.179
963.49
950.79
938.957
927.874
917.428
907.517
898.063
889.004
880.299
871.923
863.861
856.106
848.655
841.509
834.665
828.125
821.887
815.95
810.312
804.973
799.928
795.177
790.717
786.546
782.662
779.062
775.744
772.707
769.948
767.466
765.259
763.328
761.672
760.292
759.189
758.363
757.814
757.542
992.228
977.912
964.688
952.431
941.019
930.336
920.268
910.714
901.594
892.848
884.434
876.329
868.517
860.993
853.755
846.803
840.138
833.761
827.671
821.87
816.355
811.127
806.185
801.526
797.149
793.053
789.237
785.698
782.434
779.446
776.729
774.284
772.11
770.205
768.571
767.207
766.116
765.298
764.754
764.483
992.458
978.589
965.794
953.947
942.926
932.614
922.901
913.684
904.882
896.436
888.304
880.461
872.894
865.598
858.571
851.813
845.327
839.114
833.175
827.512
822.123
817.01
812.172
807.609
803.319
799.302
795.557
792.082
788.877
785.94
783.269
780.865
778.725
776.85
775.24
773.895
772.817
772.008
771.47
771.202
992.672
979.215
966.818
955.351
944.693
934.727
925.344
916.444
907.945
899.786
891.925
884.337
877.01
869.937
863.117
856.552
850.245
844.197
838.41
832.886
827.626
822.63
817.899
813.434
809.234
805.298
801.627
798.22
795.075
792.193
789.571
787.209
785.107
783.264
781.68
780.356
779.294
778.495
777.963
777.698
992.869
979.796
967.768
956.653
946.331
936.687
927.613
919.012
910.799
902.914
895.314
887.973
880.878
874.024
867.408
861.034
854.904
849.02
843.385
838.002
832.871
827.994
823.372
819.007
814.899
811.047
807.452
804.115
801.033
798.208
795.637
793.321
791.259
789.449
787.894
786.592
785.547
784.761
784.236
783.974
993.053
980.336
968.649
957.861
947.851
938.507
929.722
921.401
913.46
905.835
898.485
891.383
884.514
877.872
871.457
865.271
859.316
853.595
848.112
842.868
837.867
833.11
828.599
824.336
820.32
816.554
813.038
809.772
806.756
803.989
801.472
799.203
797.182
795.409
793.883
792.606
791.58
790.807
790.29
790.031
993.224
980.838
969.468
958.983
949.264
940.199
931.684
923.624
915.939
908.563
901.452
894.579
887.929
881.495
875.276
869.274
863.491
857.932
852.599
847.495
842.624
837.987
833.587
829.426
825.505
821.826
818.39
815.197
812.247
809.541
807.078
804.859
802.881
801.145
799.651
798.401
797.395
796.636
796.127
795.873
993.383
981.305
970.23
960.027
950.578
941.772
933.508
925.694
918.249
911.109
904.227
897.574
891.135
884.903
878.875
873.053
867.44
862.04
856.855
851.891
847.148
842.632
838.343
834.285
830.459
826.868
823.512
820.394
817.512
814.868
812.461
810.292
808.359
806.662
805.201
803.978
802.993
802.249
801.751
801.5
993.532
981.74
970.939
960.999
951.8
943.236
935.206
927.621
920.402
913.484
906.82
900.379
894.144
888.107
882.264
876.619
871.172
865.928
860.891
856.063
851.449
847.052
842.875
838.919
835.189
831.686
828.412
825.368
822.556
819.975
817.625
815.507
813.619
811.963
810.536
809.341
808.379
807.651
807.163
806.917
993.67
982.146
971.601
961.904
952.938
944.598
936.787
929.416
922.408
915.699
909.242
903.004
896.965
891.116
885.455
879.981
874.697
869.607
864.714
860.022
855.535
851.256
847.189
843.336
839.702
836.287
833.095
830.127
827.383
824.866
822.574
820.508
818.667
817.051
815.66
814.494
813.555
812.844
812.367
812.126
993.8
982.525
972.218
962.748
953.999
945.868
938.259
931.088
924.278
917.766
911.504
905.459
899.608
893.942
888.455
883.148
878.023
873.083
868.332
863.773
859.411
855.25
851.292
847.542
844.003
840.677
837.567
834.674
832.001
829.547
827.314
825.3
823.506
821.932
820.577
819.44
818.525
817.832
817.366
817.131
993.921
982.879
972.795
963.535
954.988
947.051
939.631
932.646
926.021
919.694
913.616
907.753
902.083
896.591
891.274
886.129
881.158
876.365
871.753
867.326
863.087
859.041
855.192
851.544
848.099
844.861
841.833
839.016
836.413
834.023
831.848
829.888
828.142
826.609
825.29
824.184
823.293
822.618
822.164
821.935
994.035
983.211
973.335
964.272
955.913
948.156
940.912
934.099
927.646
921.492
915.588
909.898
904.398
899.075
893.92
888.932
884.112
879.462
874.985
870.687
866.569
862.638
858.896
855.348
851.997
848.847
845.9
843.159
840.625
838.3
836.184
834.277
832.578
831.088
829.805
828.73
827.863
827.207
826.765
826.541
994.142
983.524
973.842
964.963
956.778
949.189
942.108
935.457
929.164
923.171
917.429
911.902
906.565
901.401
896.403
891.566
886.891
882.38
878.036
873.863
869.865
866.046
862.41
858.961
855.703
852.64
849.774
847.108
844.645
842.384
840.326
838.472
836.821
835.373
834.126
833.082
832.24
831.602
831.172
830.955
994.242
983.818
974.319
965.613
957.591
950.158
943.228
936.726
930.583
924.74
919.15
913.776
908.592
903.58
898.731
894.039
889.505
885.129
880.914
876.864
872.982
869.273
865.741
862.39
859.224
856.247
853.461
850.871
848.476
846.279
844.279
842.478
840.875
839.468
838.258
837.244
836.427
835.808
835.39
835.179
994.338
984.096
974.77
966.226
958.357
951.069
944.28
937.916
931.911
926.208
920.76
915.529
910.489
905.621
900.914
896.361
891.962
887.716
883.626
879.695
875.927
872.326
868.896
865.641
862.566
859.674
856.968
854.452
852.126
849.992
848.05
846.302
844.745
843.38
842.206
841.222
840.43
839.829
839.424
839.219
994.429
984.361
975.198
966.807
959.081
951.929
945.272
939.036
933.159
927.586
922.269
917.172
912.266
907.534
902.961
898.541
894.271
890.15
886.181
882.366
878.708
875.212
871.882
868.722
865.736
862.928
860.301
857.858
855.599
853.528
851.644
849.947
848.437
847.113
845.974
845.021
844.252
843.67
843.278
843.078
994.516
984.614
975.607
967.361
959.77
952.746
946.21
940.094
934.336
928.881
923.686
918.713
913.934
909.328
904.882
900.587
896.441
892.44
888.587
884.884
881.334
877.94
874.708
871.64
868.742
866.016
863.466
861.095
858.904
856.894
855.066
853.42
851.956
850.673
849.569
848.645
847.9
847.336
846.956
846.762
994.599
984.857
975.999
967.892
960.429
953.525
947.103
941.098
935.449
930.105
925.022
920.164
915.501
911.014
906.687
902.511
898.481
894.595
890.854
887.258
883.812
880.518
877.38
874.403
871.59
868.945
866.471
864.17
862.045
860.096
858.323
856.727
855.308
854.064
852.994
852.099
851.378
850.831
850.462
850.275
994.68
985.092
976.379
968.404
961.064
954.273
947.958
942.056
936.509
931.267
926.287
921.534
916.98
912.602
908.386
904.321
900.401
896.624
892.989
889.497
886.15
882.952
879.907
877.017
874.288
871.721
869.321
867.09
865.029
863.139
861.42
859.874
858.498
857.292
856.256
855.388
854.689
854.16
853.803
853.622
994.759
985.322
976.749
968.903
961.68
954.996
948.783
942.977
937.524
932.375
927.491
922.835
918.38
914.103
909.99
906.029
902.212
898.537
895.003
891.609
888.358
885.252
882.296
879.491
876.842
874.353
872.025
869.861
867.862
866.029
864.364
862.864
861.531
860.362
859.358
858.517
857.84
857.328
856.981
856.806
994.837
985.547
977.111
969.39
962.281
955.701
949.583
943.868
938.502
933.44
928.643
924.075
919.711
915.528
911.509
907.644
903.924
900.345
896.905
893.604
890.444
887.427
884.555
881.833
879.262
876.846
874.588
872.489
870.551
868.774
867.159
865.705
864.413
863.28
862.306
861.491
860.835
860.338
860.003
859.832
994.913
985.769
977.469
969.872
962.873
956.393
950.367
944.736
939.451
934.469
929.752
925.266
920.984
916.886
912.954
909.177
905.546
902.056
898.705
895.493
892.419
889.485
886.695
884.05
881.554
879.209
877.018
874.981
873.101
871.378
869.811
868.402
867.148
866.049
865.105
864.314
863.678
863.196
862.87
862.705
994.99
985.991
977.825
970.349
963.46
957.077
951.138
945.588
940.38
935.472
930.827
926.414
922.208
918.187
914.335
910.638
907.089
903.682
900.414
897.283
894.29
891.435
888.722
886.151
883.726
881.449
879.321
877.344
875.519
873.847
872.327
870.959
869.742
868.675
867.759
866.991
866.373
865.905
865.589
865.428
995.066
986.212
978.18
970.826
964.045
957.758
951.904
946.431
941.294
936.454
931.876
927.531
923.393
919.441
915.661
912.038
908.564
905.232
902.04
898.985
896.066
893.286
890.644
888.144
885.785
883.572
881.504
879.584
877.811
876.187
874.71
873.381
872.199
871.163
870.271
869.525
868.924
868.469
868.162
868.006
995.143
986.434
978.537
971.304
964.63
958.438
952.666
947.268
942.198
937.422
932.906
928.621
924.545
920.657
916.94
913.384
909.977
906.715
903.592
900.606
897.758
895.045
892.471
890.035
887.739
885.585
883.574
881.706
879.982
878.402
876.966
875.674
874.523
873.515
872.647
871.921
871.335
870.892
870.593
870.441
995.22
986.657
978.895
971.785
965.219
959.12
953.43
948.103
943.098
938.381
933.922
929.693
925.672
921.84
918.182
914.684
911.339
908.138
905.078
902.156
899.371
896.721
894.208
891.832
889.594
887.494
885.535
883.716
882.037
880.498
879.1
877.84
876.719
875.736
874.89
874.181
873.61
873.178
872.886
872.738
995.298
986.882
979.256
972.269
965.81
959.805
954.196
948.939
943.996
939.336
934.928
930.75
926.779
922.998
919.391
915.946
912.655
909.51
906.506
903.641
900.912
898.319
895.862
893.54
891.354
889.305
887.393
885.618
883.98
882.479
881.114
879.884
878.79
877.829
877.002
876.31
875.751
875.328
875.043
874.898
995.376
987.107
979.619
972.755
966.405
960.494
954.965
949.777
944.894
940.286
935.928
931.796
927.87
924.133
920.572
917.174
913.93
910.834
907.881
905.066
902.388
899.846
897.438
895.165
893.026
891.022
889.152
887.417
885.815
884.347
883.012
881.809
880.738
879.797
878.987
878.309
877.761
877.346
877.066
876.925
995.454
987.333
979.982
973.242
967.002
961.185
955.736
950.616
945.791
941.234
936.922
932.832
928.946
925.249
921.728
918.371
915.169
912.116
909.206
906.435
903.802
901.304
898.94
896.71
894.613
892.648
890.815
889.114
887.545
886.106
884.797
883.617
882.565
881.642
880.847
880.18
879.642
879.235
878.959
878.82
995.532
987.558
980.343
973.727
967.597
961.874
956.506
951.453
946.685
942.177
937.908
933.857
930.008
926.347
922.86
919.538
916.373
913.356
910.484
907.752
905.157
902.697
900.371
898.178
896.116
894.185
892.384
890.713
889.171
887.757
886.47
885.309
884.275
883.367
882.584
881.927
881.397
880.995
880.724
880.586
995.609
987.78
980.7
974.208
968.186
962.558
957.269
952.284
947.572
943.112
938.883
934.869
931.053
927.423
923.967
920.676
917.541
914.556
911.715
909.015
906.453
904.025
901.731
899.569
897.537
895.635
893.861
892.214
890.695
889.301
888.032
886.888
885.868
884.971
884.198
883.549
883.025
882.628
882.36
882.224
995.684
987.998
981.05
974.679
968.765
963.23
958.022
953.103
948.447
944.033
939.844
935.863
932.077
928.475
925.046
921.78
918.671
915.712
912.898
910.224
907.689
905.288
903.02
900.883
898.875
896.996
895.244
893.618
892.116
890.739
889.485
888.353
887.344
886.456
885.691
885.048
884.529
884.136
883.871
883.736
995.757
988.208
981.389
975.135
969.327
963.885
958.755
953.902
949.301
944.933
940.781
936.832
933.075
929.497
926.091
922.847
919.759
916.821
914.029
911.377
908.862
906.482
904.235
902.118
900.129
898.268
896.533
894.922
893.434
892.069
890.826
889.704
888.703
887.823
887.063
886.425
885.91
885.519
885.255
885.122
995.827
988.409
981.712
975.571
969.865
964.513
959.46
954.672
950.126
945.802
941.687
937.769
934.036
930.481
927.095
923.869
920.799
917.878
915.102
912.466
909.968
907.604
905.372
903.27
901.296
899.448
897.725
896.125
894.647
893.291
892.056
890.941
889.945
889.07
888.314
887.679
887.167
886.778
886.516
886.383
995.892
988.598
982.016
975.982
970.373
965.107
960.129
955.405
950.911
946.63
942.551
938.661
934.953
931.418
928.048
924.838
921.782
918.874
916.11
913.487
911
908.648
906.427
904.335
902.37
900.531
898.816
897.224
895.753
894.403
893.173
892.062
891.07
890.197
889.444
888.812
888.3
887.913
887.651
887.519
995.953
988.773
982.298
976.362
970.843
965.658
960.752
956.088
951.645
947.407
943.362
939.5
935.813
932.296
928.942
925.744
922.698
919.8
917.045
914.43
911.951
909.606
907.392
905.307
903.348
901.514
899.804
898.216
896.749
895.402
894.174
893.066
892.076
891.204
890.453
889.821
889.31
888.923
888.662
888.53
996.008
988.931
982.553
976.707
971.271
966.16
961.32
956.714
952.319
948.121
944.107
940.271
936.606
933.104
929.762
926.575
923.538
920.647
917.898
915.287
912.813
910.472
908.261
906.179
904.223
902.391
900.683
899.096
897.631
896.285
895.058
893.95
892.961
892.09
891.338
890.707
890.197
889.81
889.549
889.417
996.056
989.071
982.779
977.012
971.65
966.607
961.826
957.273
952.922
948.76
944.777
940.964
937.317
933.83
930.499
927.32
924.289
921.402
918.657
916.049
913.577
911.237
909.027
906.945
904.989
903.157
901.449
899.862
898.395
897.049
895.822
894.713
893.723
892.852
892.1
891.469
890.959
890.572
890.311
890.18
996.098
989.192
982.974
977.276
971.978
966.993
962.265
957.757
953.445
949.316
945.359
941.568
937.937
934.462
931.14
927.967
924.94
922.056
919.312
916.705
914.232
911.892
909.681
907.597
905.64
903.807
902.096
900.508
899.04
897.692
896.463
895.353
894.362
893.49
892.738
892.106
891.596
891.209
890.948
890.817
996.133
989.293
983.136
977.496
972.25
967.314
962.629
958.16
953.882
949.78
945.845
942.071
938.454
934.989
931.674
928.505
925.481
922.598
919.854
917.246
914.772
912.429
910.216
908.13
906.17
904.334
902.621
901.03
899.56
898.21
896.979
895.868
894.876
894.003
893.25
892.618
892.107
891.721
891.46
891.329
996.16
989.372
983.264
977.669
972.465
967.567
962.917
958.477
954.225
950.144
946.227
942.466
938.858
935.401
932.09
928.925
925.902
923.019
920.274
917.664
915.187
912.842
910.626
908.537
906.574
904.735
903.02
901.426
899.953
898.601
897.368
896.255
895.262
894.388
893.635
893.003
892.493
892.107
891.846
891.715
996.18
989.428
983.354
977.792
972.619
967.748
963.122
958.703
954.467
950.401
946.495
942.743
939.141
935.688
932.38
929.216
926.193
923.309
920.562
917.95
915.471
913.123
910.904
908.813
906.847
905.006
903.287
901.692
900.217
898.863
897.629
896.515
895.52
894.646
893.893
893.261
892.751
892.365
892.106
891.974
996.191
989.458
983.403
977.86
972.703
967.847
963.234
958.825
954.599
950.539
946.638
942.89
939.291
935.839
932.532
929.367
926.343
923.459
920.71
918.097
915.616
913.266
911.045
908.952
906.985
905.142
903.422
901.825
900.349
898.994
897.759
896.644
895.65
894.775
894.022
893.39
892.881
892.496
892.236
892.105
)
;

boundaryField
{
    insulatedWall
    {
        type            zeroGradient;
    }
    electrodeHV
    {
        type            fixedValue;
        value           uniform 1000;
    }
    electrodeG
    {
        type            fixedValue;
        value           uniform 0;
    }
    frontAndBack
    {
        type            empty;
    }
}


// ************************************************************************* //
